0.01,0.941319,0.886091,-0.995168,0.990359,0
0.01,0.941533,0.886491,-0.995168,0.990358,0
0.01,0.941484,0.886401,-0.995166,0.990356,0
0.01,0.941168,0.885806,-0.995167,0.990358,0
0.01,0.941218,0.885899,-0.995166,0.990355,0
0.01,0.941317,0.886085,-0.995167,0.990357,0
0.01,0.941377,0.886199,-0.995169,0.990361,0
0.01,0.941465,0.886365,-0.995166,0.990356,0
0.01,0.941327,0.886105,-0.995168,0.990359,0
0.01,0.941421,0.886282,-0.995168,0.990359,0
0.0177778,0.912154,0.832041,-0.991432,0.982937,0
0.0177778,0.911879,0.83154,-0.991431,0.982936,0
0.0177778,0.912435,0.832554,-0.991436,0.982945,0
0.0177778,0.912148,0.83203,-0.99143,0.982934,0
0.0177778,0.912326,0.832355,-0.991431,0.982935,0
0.0177778,0.912125,0.831989,-0.991431,0.982936,0
0.0177778,0.912498,0.83267,-0.991437,0.982948,0
0.0177778,0.912386,0.832465,-0.991436,0.982946,0
0.0177778,0.912323,0.83235,-0.991434,0.982941,0
0.0177778,0.912173,0.832076,-0.991431,0.982936,0
0.0255556,0.886505,0.785917,-0.987689,0.975529,0
0.0255556,0.886583,0.786053,-0.987692,0.975536,0
0.0255556,0.886461,0.785838,-0.987689,0.975529,0
0.0255556,0.886418,0.785762,-0.987686,0.975525,0
0.0255556,0.886185,0.78535,-0.987683,0.975517,0
0.0255556,0.886588,0.786064,-0.98769,0.975532,0
0.0255556,0.886406,0.785742,-0.98769,0.975532,0
0.0255556,0.886359,0.785656,-0.987688,0.975528,0
0.0255556,0.886445,0.785809,-0.987693,0.975538,0
0.0255556,0.886598,0.786082,-0.987689,0.97553,0
0.0333333,0.862651,0.744199,-0.983939,0.968135,0
0.0333333,0.862885,0.744604,-0.983947,0.968152,0
0.0333333,0.862944,0.744705,-0.983942,0.968142,0
0.0333333,0.862916,0.744659,-0.983945,0.968147,0
0.0333333,0.862508,0.743956,-0.983939,0.968136,0
0.0333333,0.862428,0.743817,-0.983941,0.968139,0
0.0333333,0.862625,0.744158,-0.983941,0.96814,0
0.0333333,0.862731,0.744337,-0.983941,0.96814,0
0.0333333,0.862782,0.744426,-0.983936,0.968131,0
0.0333333,0.862737,0.744349,-0.983942,0.968141,0
0.0411111,0.84032,0.706179,-0.98018,0.960753,0
0.0411111,0.840396,0.70631,-0.980174,0.960741,0
0.0411111,0.840488,0.706463,-0.980179,0.960751,0
0.0411111,0.840461,0.706416,-0.980176,0.960745,0
0.0411111,0.840396,0.70631,-0.980179,0.96075,0
0.0411111,0.84035,0.706233,-0.980175,0.960744,0
0.0411111,0.840383,0.706288,-0.980176,0.960745,0
0.0411111,0.840316,0.706173,-0.980171,0.960735,0
0.0411111,0.840302,0.706149,-0.98017,0.960734,0
0.0411111,0.840364,0.706253,-0.980179,0.96075,0
0.0488889,0.819194,0.671131,-0.976394,0.953345,0
0.0488889,0.81898,0.67078,-0.976403,0.953363,0
0.0488889,0.819076,0.67094,-0.976396,0.953349,0
0.0488889,0.819004,0.670821,-0.9764,0.953357,0
0.0488889,0.819085,0.670953,-0.976403,0.953364,0
0.0488889,0.818912,0.670669,-0.976393,0.953344,0
0.0488889,0.819261,0.67124,-0.976404,0.953365,0
0.0488889,0.818983,0.670785,-0.976394,0.953346,0
0.0488889,0.819074,0.670935,-0.9764,0.953357,0
0.0488889,0.818952,0.670734,-0.976394,0.953346,0
0.0566667,0.798344,0.637419,-0.972592,0.945936,0
0.0566667,0.798318,0.637372,-0.972595,0.945942,0
0.0566667,0.798281,0.637315,-0.97259,0.945931,0
0.0566667,0.798212,0.637206,-0.972583,0.945917,0
0.0566667,0.798479,0.637634,-0.972592,0.945936,0
0.0566667,0.798394,0.637493,-0.972599,0.945949,0
0.0566667,0.798287,0.637328,-0.972591,0.945933,0
0.0566667,0.798448,0.637581,-0.972601,0.945953,0
0.0566667,0.798264,0.637286,-0.972587,0.945925,0
0.0566667,0.79806,0.636963,-0.972584,0.945921,0
0.0644444,0.778431,0.606029,-0.968769,0.938514,0
0.0644444,0.777905,0.605211,-0.968753,0.938483,0
0.0644444,0.77828,0.605792,-0.968766,0.938507,0
0.0644444,0.778414,0.606003,-0.96877,0.938517,0
0.0644444,0.779015,0.606938,-0.968789,0.938553,0
0.0644444,0.778502,0.60614,-0.968771,0.938519,0
0.0644444,0.778418,0.606013,-0.968772,0.93852,0
0.0644444,0.778396,0.605975,-0.968766,0.938508,0
0.0644444,0.778543,0.606203,-0.968775,0.938525,0
0.0644444,0.778228,0.605713,-0.968766,0.938508,0
0.0722222,0.75902,0.576196,-0.964923,0.931077,0
0.0722222,0.758937,0.576072,-0.96493,0.931091,0
0.0722222,0.758847,0.575936,-0.964916,0.931064,0
0.0722222,0.759023,0.576202,-0.964927,0.931085,0
0.0722222,0.758941,0.576076,-0.964929,0.931089,0
0.0722222,0.758945,0.576079,-0.96492,0.931071,0
0.0722222,0.759011,0.576184,-0.964924,0.931079,0
0.0722222,0.758895,0.576012,-0.964926,0.931083,0
0.0722222,0.759016,0.57619,-0.964917,0.931066,0
0.0722222,0.759012,0.576186,-0.964912,0.931057,0
0.08,0.74016,0.547936,-0.961059,0.923634,0
0.08,0.739855,0.547484,-0.961047,0.923613,0
0.08,0.739493,0.546948,-0.961048,0.923613,0
0.08,0.740162,0.547939,-0.961056,0.92363,0
0.08,0.740313,0.548162,-0.961051,0.923619,0
0.08,0.739753,0.547334,-0.961054,0.923625,0
0.08,0.740028,0.547741,-0.961058,0.923634,0
0.08,0.739996,0.547686,-0.96105,0.923618,0
0.08,0.740083,0.547825,-0.961057,0.923631,0
0.08,0.739773,0.547365,-0.961051,0.92362,0
0.0877778,0.720884,0.519784,-0.957144,0.916125,0
0.0877778,0.721019,0.51998,-0.957151,0.916139,0
0.0877778,0.721415,0.520551,-0.957157,0.916151,0
0.0877778,0.721126,0.520133,-0.957144,0.916125,0
0.0877778,0.721213,0.520262,-0.957149,0.916134,0
0.0877778,0.721182,0.520215,-0.957157,0.916151,0
0.0877778,0.720849,0.519738,-0.957151,0.916139,0
0.0877778,0.721412,0.520545,-0.957157,0.91615,0
0.0877778,0.720968,0.519908,-0.957153,0.916142,0
0.0877778,0.721024,0.519987,-0.957143,0.916123,0
0.0955556,0.702722,0.493946,-0.953223,0.908635,0
0.0955556,0.702689,0.493897,-0.953221,0.908632,0
0.0955556,0.702629,0.493807,-0.953222,0.908633,0
0.0955556,0.70255,0.493701,-0.953214,0.908618,0
0.0955556,0.702442,0.493555,-0.953221,0.908631,0
0.0955556,0.70272,0.49394,-0.953228,0.908644,0
0.0955556,0.702931,0.494235,-0.953225,0.908639,0
0.0955556,0.702758,0.493994,-0.953234,0.908656,0
0.0955556,0.702677,0.49388,-0.953228,0.908645,0
0.0955556,0.702577,0.493737,-0.953214,0.908618,0
0.103333,0.684394,0.468536,-0.949259,0.901094,0
0.103333,0.683838,0.467774,-0.949251,0.901078,0
0.103333,0.68451,0.468694,-0.949272,0.901119,0
0.103333,0.684014,0.468015,-0.949249,0.901075,0
0.103333,0.68428,0.468383,-0.94925,0.901077,0
0.103333,0.68411,0.468148,-0.949259,0.901094,0
0.103333,0.683969,0.467954,-0.94925,0.901077,0
0.103333,0.684024,0.468029,-0.949258,0.901093,0
0.103333,0.684346,0.468466,-0.949251,0.901078,0
0.103333,0.684261,0.468352,-0.949262,0.901099,0
0.111111,0.665672,0.443272,-0.945236,0.893473,0
0.111111,0.665815,0.443461,-0.945235,0.89347,0
0.111111,0.665771,0.443408,-0.945239,0.893478,0
0.111111,0.666072,0.443804,-0.945253,0.893505,0
0.111111,0.66541,0.442931,-0.945205,0.893414,0
0.111111,0.665929,0.443619,-0.945236,0.893472,0
0.111111,0.665463,0.443003,-0.945239,0.893479,0
0.111111,0.666295,0.444108,-0.94526,0.893519,0
0.111111,0.666043,0.44377,-0.945244,0.893488,0
0.111111,0.666164,0.443933,-0.945265,0.893527,0
0.118889,0.647678,0.41966,-0.941215,0.885888,0
0.118889,0.647128,0.418957,-0.941155,0.885774,0
0.118889,0.647453,0.419373,-0.941202,0.885862,0
0.118889,0.646679,0.418369,-0.941165,0.885793,0
0.118889,0.647573,0.419522,-0.941205,0.885869,0
0.118889,0.64767,0.419648,-0.941209,0.885876,0
0.118889,0.645954,0.417443,-0.941071,0.885617,0
0.118889,0.647604,0.419562,-0.941187,0.885834,0
0.118889,0.646725,0.41843,-0.941143,0.885752,0
0.118889,0.646727,0.418437,-0.941133,0.885733,0
0.126667,0.628194,0.394828,-0.937042,0.878051,0
0.126667,0.627623,0.394108,-0.937007,0.877984,0
0.126667,0.628798,0.395581,-0.937099,0.878157,0
0.126667,0.627739,0.394273,-0.93702,0.878009,0
0.126667,0.628728,0.395492,-0.937066,0.878095,0
0.126667,0.627666,0.394177,-0.937017,0.878002,0
0.126667,0.628402,0.395091,-0.937054,0.878072,0
0.126667,0.627614,0.394103,-0.937017,0.878002,0
0.126667,0.627971,0.394547,-0.937025,0.878019,0
0.126667,0.628823,0.395617,-0.937082,0.878124,0
0.134444,0.608347,0.370331,-0.932815,0.870146,0
0.134444,0.609283,0.371461,-0.932853,0.870216,0
0.134444,0.608271,0.37024,-0.932766,0.870056,0
0.134444,0.607156,0.368882,-0.932708,0.869946,0
0.134444,0.606632,0.368254,-0.932685,0.869905,0
0.134444,0.608263,0.370212,-0.93277,0.870062,0
0.134444,0.605394,0.366756,-0.932592,0.869731,0
0.134444,0.607865,0.369738,-0.932746,0.870017,0
0.134444,0.607882,0.369753,-0.932741,0.870008,0
0.134444,0.606832,0.368489,-0.932702,0.869936,0
0.142222,0.585654,0.343288,-0.928304,0.861751,0
0.142222,0.584758,0.342226,-0.928244,0.86164,0
0.142222,0.584961,0.342481,-0.928254,0.861658,0
0.142222,0.585441,0.343036,-0.928253,0.861656,0
0.142222,0.583474,0.340749,-0.928132,0.861433,0
0.142222,0.582179,0.339274,-0.928051,0.861282,0
0.142222,0.584187,0.341595,-0.928206,0.86157,0
0.142222,0.584066,0.341431,-0.928182,0.861526,0
0.142222,0.585754,0.343401,-0.92828,0.861706,0
0.142222,0.583515,0.340816,-0.928134,0.861436,0
0.15,0.556552,0.310303,-0.92337,0.852617,0
0.15,0.549935,0.303029,-0.922944,0.85183,0
0.15,0.554446,0.307902,-0.923184,0.852272,0
0.15,0.552251,0.305504,-0.923072,0.852066,0
0.15,0.553638,0.306984,-0.923087,0.852093,0
0.15,0.553162,0.306566,-0.92314,0.852191,0
0.15,0.551569,0.304738,-0.923032,0.851992,0
0.15,0.553396,0.306753,-0.923147,0.852204,0
0.15,0.554689,0.308156,-0.923189,0.852282,0
0.15,0.555741,0.309319,-0.923284,0.852456,0
0.157778,0.500853,0.252661,-0.917031,0.840952,0
0.157778,0.504056,0.255075,-0.916999,0.840893,0
0.157778,0.508373,0.259423,-0.917237,0.841329,0
0.157778,0.50493,0.256343,-0.917105,0.841087,0
0.157778,0.499998,0.251454,-0.916988,0.840872,0
0.157778,0.501184,0.252389,-0.916858,0.840633,0
0.157778,0.508443,0.259694,-0.917291,0.841427,0
0.157778,0.501334,0.252886,-0.916971,0.840841,0
0.157778,0.500993,0.252359,-0.916894,0.840699,0
0.157778,0.513992,0.265236,-0.917633,0.842056,0
0.165556,0.267794,0.0849149,-0.906362,0.821501,0
0.165556,0.243921,0.0769291,-0.905969,0.820789,0
0.165556,0.267911,0.0903276,-0.906197,0.821204,0
0.165556,0.336391,0.126816,-0.907787,0.824089,0
0.165556,0.297312,0.107768,-0.906824,0.822342,0
0.165556,0.249747,0.0775117,-0.906013,0.820869,0
0.165556,0.264849,0.085949,-0.906148,0.821115,0
0.165556,0.367242,0.144195,-0.908283,0.824989,0
0.165556,0.292372,0.0980592,-0.906777,0.822255,0
0.165556,0.277045,0.0962854,-0.906626,0.821984,0
0.173333,0.0986364,0.0146664,-0.897435,0.805396,0
0.173333,0.083068,0.010806,-0.897198,0.80497,0
0.173333,0.107297,0.0174444,-0.897586,0.805667,0
0.173333,0.10744,0.0175266,-0.897717,0.805903,0
0.173333,0.0973984,0.0143029,-0.897443,0.80541,0
0.173333,0.098738,0.015137,-0.897267,0.805095,0
0.173333,0.0888624,0.0118808,-0.897199,0.804971,0
0.173333,0.0850271,0.0108032,-0.897268,0.805096,0
0.173333,0.0859234,0.0116879,-0.897264,0.805088,0
0.173333,0.0885193,0.0115977,-0.897228,0.805023,0
0.181111,0.0626293,0.00605977,-0.891033,0.793947,0
0.181111,0.0660719,0.00680426,-0.891028,0.793938,0
0.181111,0.0650714,0.00647972,-0.891243,0.794319,0
0.181111,0.057047,0.0051558,-0.891016,0.793915,0
0.181111,0.062489,0.00596338,-0.891077,0.794025,0
0.181111,0.0663956,0.00694706,-0.891163,0.794177,0
0.181111,0.063463,0.00625945,-0.891006,0.793899,0
0.181111,0.0656225,0.00670289,-0.891212,0.794264,0
0.181111,0.0678402,0.00750223,-0.89119,0.794226,0
0.181111,0.0608852,0.00577569,-0.891126,0.794111,0
0.188889,0.05458,0.00470106,-0.88516,0.783516,0
0.188889,0.0499436,0.0039938,-0.885126,0.783454,0
0.188889,0.0519492,0.00418518,-0.885149,0.783495,0
0.188889,0.0462494,0.00333432,-0.885057,0.783332,0
0.188889,0.0525628,0.00425213,-0.885203,0.78359,0
0.188889,0.0519006,0.00426272,-0.885271,0.783712,0
0.188889,0.0530645,0.00434637,-0.885149,0.783496,0
0.188889,0.0505178,0.00399206,-0.885204,0.783592,0
0.188889,0.0506587,0.00410255,-0.885287,0.783739,0
0.188889,0.0523651,0.00430899,-0.885187,0.783562,0
0.196667,0.0418436,0.00270965,-0.879304,0.773182,0
0.196667,0.0424886,0.00283904,-0.879331,0.77323,0
0.196667,0.04515,0.00317697,-0.879368,0.773295,0
0.196667,0.0432087,0.00290191,-0.879386,0.773327,0
0.196667,0.0445115,0.00307066,-0.879364,0.773287,0
0.196667,0.0436051,0.0029903,-0.879312,0.773196,0
0.196667,0.0428811,0.0028435,-0.879345,0.773255,0
0.196667,0.0458129,0.00329182,-0.879338,0.773243,0
0.196667,0.0430616,0.00294801,-0.879359,0.77328,0
0.196667,0.0450026,0.00310711,-0.879364,0.773288,0
0.204444,0.0385611,0.00230747,-0.873565,0.763123,0
0.204444,0.0399416,0.00252421,-0.873621,0.763221,0
0.204444,0.0382456,0.0023201,-0.873641,0.763257,0
0.204444,0.0390242,0.00238225,-0.873586,0.763159,0
0.204444,0.0383993,0.00229313,-0.873556,0.763108,0
0.204444,0.038671,0.00236746,-0.873634,0.763243,0
0.204444,0.0370286,0.00216405,-0.873609,0.7632,0
0.204444,0.0382885,0.00228793,-0.873685,0.763334,0
0.204444,0.0383505,0.00229669,-0.873551,0.763099,0
0.204444,0.0375658,0.00223803,-0.873658,0.763287,0
0.212222,0.0342529,0.00181129,-0.867819,0.753118,0
0.212222,0.0342652,0.00183337,-0.8679,0.753259,0
0.212222,0.0344425,0.00186286,-0.867895,0.75325,0
0.212222,0.0340475,0.00184839,-0.867844,0.753161,0
0.212222,0.0357075,0.00200324,-0.867859,0.753188,0
0.212222,0.0352047,0.00191001,-0.867906,0.753268,0
0.212222,0.0357984,0.00199887,-0.86785,0.753171,0
0.212222,0.034695,0.00190634,-0.86784,0.753155,0
0.212222,0.0356038,0.00195387,-0.867842,0.753159,0
0.212222,0.0346416,0.00186572,-0.867873,0.753212,0
0.22,0.0309956,0.00153138,-0.862083,0.743195,0
0.22,0.0318797,0.0015969,-0.862187,0.743376,0
0.22,0.0316547,0.0015754,-0.86213,0.743277,0
0.22,0.0317916,0.00159749,-0.862102,0.743229,0
0.22,0.0311511,0.00153193,-0.862068,0.74317,0
0.22,0.0327244,0.00164468,-0.862121,0.743262,0
0.22,0.0318785,0.00158987,-0.862093,0.743213,0
0.22,0.0310818,0.00152067,-0.862052,0.743142,0
0.22,0.0326626,0.00166299,-0.86216,0.743328,0
0.22,0.0311175,0.0015345,-0.862207,0.74341,0
0.227778,0.0299434,0.00140355,-0.856444,0.733505,0
0.227778,0.0295479,0.001361,-0.856526,0.733647,0
0.227778,0.029345,0.00134273,-0.856451,0.733517,0
0.227778,0.029526,0.00136971,-0.856421,0.733467,0
0.227778,0.0300313,0.00141922,-0.856478,0.733563,0
0.227778,0.0300074,0.0013942,-0.856454,0.733522,0
0.227778,0.0295821,0.00136125,-0.856481,0.733569,0
0.227778,0.0293643,0.00135465,-0.856471,0.733553,0
0.227778,0.0298129,0.00137804,-0.856452,0.733519,0
0.227778,0.0285446,0.00129831,-0.856492,0.733588,0
0.235556,0.0279499,0.00122965,-0.85081,0.723887,0
0.235556,0.0275817,0.00119282,-0.850862,0.723975,0
0.235556,0.0274122,0.00118013,-0.850816,0.723897,0
0.235556,0.0278851,0.00121684,-0.850855,0.723964,0
0.235556,0.0274432,0.00118713,-0.850782,0.72384,0
0.235556,0.0281752,0.00124346,-0.850843,0.723944,0
0.235556,0.0276358,0.00119579,-0.850801,0.723872,0
0.235556,0.0279451,0.00123194,-0.850835,0.723931,0
0.235556,0.0273478,0.00117614,-0.850737,0.723762,0
0.235556,0.0280264,0.00124439,-0.85079,0.723854,0
0.243333,0.0261232,0.00106902,-0.845123,0.714243,0
0.243333,0.0262806,0.00108259,-0.845161,0.714308,0
0.243333,0.0261057,0.00107498,-0.845156,0.714299,0
0.243333,0.0262704,0.00107352,-0.845148,0.714286,0
0.243333,0.0261186,0.00106847,-0.845144,0.71428,0
0.243333,0.0267316,0.00112254,-0.845112,0.714225,0
0.243333,0.0266328,0.0011041,-0.845144,0.714279,0
0.243333,0.0265349,0.00110041,-0.845121,0.71424,0
0.243333,0.0261751,0.00107841,-0.845076,0.714163,0
0.243333,0.0263276,0.00108548,-0.845152,0.714293,0
0.251111,0.0247924,0.000967798,-0.839449,0.704686,0
0.251111,0.0246455,0.000953479,-0.839441,0.704673,0
0.251111,0.0253475,0.001004,-0.839505,0.70478,0
0.251111,0.0246469,0.000952479,-0.839476,0.704732,0
0.251111,0.0248303,0.000973109,-0.8395,0.704772,0
0.251111,0.0249252,0.000975507,-0.83948,0.704738,0
0.251111,0.0249641,0.000974361,-0.83944,0.704671,0
0.251111,0.0242627,0.000925661,-0.839474,0.704728,0
0.251111,0.0247501,0.000956703,-0.839427,0.704649,0
0.251111,0.0254722,0.00100969,-0.839436,0.704664,0
0.258889,0.0239512,0.000898331,-0.833839,0.695299,0
0.258889,0.0237537,0.000888898,-0.83386,0.695335,0
0.258889,0.0234896,0.000867882,-0.833812,0.695254,0
0.258889,0.0237182,0.000889284,-0.833833,0.69529,0
0.258889,0.0235873,0.000874388,-0.83387,0.695351,0
0.258889,0.0237954,0.000889906,-0.833884,0.695374,0
0.258889,0.0235875,0.000868355,-0.833841,0.695303,0
0.258889,0.0235177,0.000867892,-0.833844,0.695308,0
0.258889,0.0234922,0.000865365,-0.833812,0.695254,0
0.258889,0.0237219,0.00088178,-0.833862,0.695338,0
0.266667,0.0226896,0.000803393,-0.828221,0.685962,0
0.266667,0.0227993,0.000814886,-0.828203,0.685933,0
0.266667,0.0226257,0.000806389,-0.828214,0.68595,0
0.266667,0.0227132,0.000811151,-0.828195,0.685919,0
0.266667,0.0226223,0.000801148,-0.828172,0.685881,0
0.266667,0.0227831,0.000817277,-0.828221,0.685962,0
0.266667,0.0225008,0.000795188,-0.828236,0.685987,0
0.266667,0.0227618,0.00080684,-0.828196,0.685921,0
0.266667,0.0226777,0.00080824,-0.828267,0.686039,0
0.266667,0.0229068,0.000820055,-0.828275,0.686053,0
0.274444,0.0217956,0.000750174,-0.822583,0.676656,0
0.274444,0.0217941,0.000738611,-0.822666,0.676792,0
0.274444,0.0216802,0.000739425,-0.82261,0.676701,0
0.274444,0.0216726,0.000740191,-0.822568,0.676631,0
0.274444,0.021717,0.000742569,-0.822608,0.676698,0
0.274444,0.021825,0.000743213,-0.822619,0.676715,0
0.274444,0.0216185,0.000736117,-0.822609,0.676699,0
0.274444,0.0217585,0.000741277,-0.822604,0.67669,0
0.274444,0.0219025,0.000755215,-0.822596,0.676678,0
0.274444,0.0216608,0.000736918,-0.822599,0.676682,0
0.282222,0.0214992,0.000719285,-0.817011,0.667522,0
0.282222,0.0211507,0.000702847,-0.81702,0.667536,0
0.282222,0.0212714,0.000707318,-0.81697,0.667454,0
0.282222,0.0214567,0.00072182,-0.817017,0.667531,0
0.282222,0.0211554,0.000702435,-0.817048,0.667582,0
0.282222,0.0209139,0.000686272,-0.817001,0.667505,0
0.282222,0.0211047,0.000698881,-0.817028,0.667548,0
0.282222,0.0211088,0.000696722,-0.816983,0.667476,0
0.282222,0.0211261,0.00070121,-0.817033,0.667557,0
0.282222,0.0208683,0.000681669,-0.817083,0.667638,0
0.29,0.0204773,0.000659982,-0.811433,0.658438,0
0.29,0.0205199,0.000660776,-0.811467,0.658494,0
0.29,0.020473,0.000659478,-0.811446,0.65846,0
0.29,0.0205813,0.000664256,-0.811468,0.658494,0
0.29,0.0203602,0.00065483,-0.811417,0.658413,0
0.29,0.0204429,0.000654928,-0.81143,0.658433,0
0.29,0.0203462,0.000654275,-0.811449,0.658464,0
0.29,0.0200972,0.000634908,-0.811421,0.658418,0
0.29,0.0206631,0.000666013,-0.81139,0.658369,0
0.29,0.0201277,0.000637063,-0.81143,0.658433,0
0.297778,0.0197733,0.000614395,-0.805927,0.649535,0
0.297778,0.0196509,0.00060623,-0.80586,0.649426,0
0.297778,0.019626,0.000603958,-0.805867,0.649437,0
0.297778,0.0198323,0.000617216,-0.80583,0.649378,0
0.297778,0.0196949,0.000607236,-0.80581,0.649345,0
0.297778,0.0198538,0.000616894,-0.80589,0.649474,0
0.297778,0.0194637,0.000593704,-0.805839,0.649392,0
0.297778,0.0197017,0.000609864,-0.805874,0.649448,0
0.297778,0.0196182,0.00060437,-0.805925,0.649531,0
0.297778,0.0196001,0.000603364,-0.805878,0.649456,0
0.305556,0.0190755,0.00056964,-0.800331,0.640546,0
0.305556,0.0191399,0.000577687,-0.800362,0.640596,0
0.305556,0.0190964,0.000571754,-0.800349,0.640575,0
0.305556,0.0192141,0.000579409,-0.800337,0.640555,0
0.305556,0.0193855,0.000590169,-0.800377,0.640619,0
0.305556,0.0190794,0.000572735,-0.800339,0.640559,0
0.305556,0.0190656,0.000570305,-0.800309,0.64051,0
0.305556,0.0192067,0.000580745,-0.80032,0.640529,0
0.305556,0.0189779,0.00056566,-0.800315,0.64052,0
0.305556,0.019026,0.000567905,-0.800323,0.640533,0
0.313333,0.0185263,0.000538073,-0.794851,0.631805,0
0.313333,0.0186428,0.000545925,-0.794785,0.6317,0
0.313333,0.0183769,0.000530321,-0.794756,0.631654,0
0.313333,0.0185184,0.000538566,-0.794805,0.631731,0
0.313333,0.0184299,0.000533307,-0.794752,0.631648,0
0.313333,0.01888,0.000562296,-0.794841,0.631789,0
0.313333,0.0185926,0.000542207,-0.79477,0.631677,0
0.313333,0.018546,0.000539301,-0.79481,0.631739,0
0.313333,0.0184384,0.000534243,-0.794848,0.6318,0
0.313333,0.0185806,0.000544151,-0.794839,0.631786,0
0.321111,0.0177585,0.000496157,-0.789266,0.622958,0
0.321111,0.018128,0.00051474,-0.789307,0.623024,0
0.321111,0.0179599,0.000504663,-0.789297,0.623007,0
0.321111,0.0180482,0.000512169,-0.789286,0.62299,0
0.321111,0.0180975,0.000514217,-0.789289,0.622995,0
0.321111,0.0180241,0.000511394,-0.789293,0.623001,0
0.321111,0.018232,0.000522412,-0.789264,0.622955,0
0.321111,0.0180549,0.000510458,-0.789281,0.622983,0
0.321111,0.0180731,0.000512149,-0.789262,0.622953,0
0.321111,0.0179523,0.000506442,-0.789208,0.622867,0
0.328889,0.0177041,0.000492421,-0.783757,0.614294,0
0.328889,0.0176394,0.000489004,-0.783832,0.614411,0
0.328889,0.0176506,0.000489151,-0.783772,0.614317,0
0.328889,0.0176387,0.000489067,-0.783796,0.614355,0
0.328889,0.0175955,0.000486734,-0.783814,0.614382,0
0.328889,0.0174515,0.000477741,-0.783767,0.61431,0
0.328889,0.0175733,0.000485139,-0.783745,0.614275,0
0.328889,0.017619,0.000487575,-0.783779,0.614328,0
0.328889,0.0175123,0.000484245,-0.783831,0.61441,0
0.328889,0.0177905,0.00049489,-0.783801,0.614362,0
0.336667,0.0172145,0.000463679,-0.778325,0.605809,0
0.336667,0.0171383,0.000461085,-0.778335,0.605824,0
0.336667,0.0172562,0.000467267,-0.77833,0.605816,0
0.336667,0.0170856,0.000461249,-0.778309,0.605784,0
0.336667,0.0171418,0.000461885,-0.77833,0.605817,0
0.336667,0.0171299,0.000462083,-0.778357,0.605859,0
0.336667,0.0171957,0.000465466,-0.778296,0.605764,0
0.336667,0.0172201,0.000465762,-0.778273,0.605729,0
0.336667,0.017176,0.000462339,-0.778315,0.605794,0
0.336667,0.0172136,0.000467232,-0.778284,0.605745,0
0.344444,0.0168266,0.00044296,-0.772894,0.597385,0
0.344444,0.0167918,0.000444771,-0.772898,0.597392,0
0.344444,0.0168101,0.000445233,-0.772829,0.597285,0
0.344444,0.0168063,0.000443613,-0.772865,0.597341,0
0.344444,0.016833,0.000445395,-0.772918,0.597423,0
0.344444,0.0169429,0.000447705,-0.772844,0.597308,0
0.344444,0.0169365,0.000449856,-0.772871,0.59735,0
0.344444,0.0166543,0.00043609,-0.772914,0.597416,0
0.344444,0.0169105,0.000448861,-0.77285,0.597317,0
0.344444,0.0168867,0.000447234,-0.772889,0.597378,0
0.352222,0.0165232,0.000428923,-0.767393,0.588914,0
0.352222,0.0165546,0.000429198,-0.767423,0.588959,0
0.352222,0.0163843,0.000420832,-0.767499,0.589076,0
0.352222,0.016482,0.000427038,-0.76744,0.588986,0
0.352222,0.0166042,0.000434644,-0.767399,0.588922,0
0.352222,0.016457,0.000426797,-0.767421,0.588956,0
0.352222,0.0163492,0.000421093,-0.767456,0.589009,0
0.352222,0.0164967,0.000427307,-0.767459,0.589014,0
0.352222,0.0164354,0.000424568,-0.767456,0.589009,0
0.352222,0.0164706,0.000426061,-0.767438,0.588982,0
0.36,0.0161268,0.000408571,-0.762061,0.580759,0
0.36,0.0161649,0.000410261,-0.762047,0.580737,0
0.36,0.0161773,0.00040913,-0.762029,0.58071,0
0.36,0.0160331,0.000403802,-0.761994,0.580657,0
0.36,0.0160966,0.000406857,-0.762016,0.580691,0
0.36,0.0160485,0.000403371,-0.762048,0.580739,0
0.36,0.0161186,0.000407045,-0.762031,0.580713,0
0.36,0.016108,0.000407246,-0.76202,0.580696,0
0.36,0.0161713,0.000410595,-0.762051,0.580744,0
0.36,0.0161996,0.000412371,-0.762107,0.580829,0
0.367778,0.0158913,0.000396508,-0.75669,0.572603,0
0.367778,0.0158601,0.000394826,-0.756711,0.572634,0
0.367778,0.0159643,0.000399024,-0.756647,0.572537,0
0.367778,0.015832,0.000393177,-0.756703,0.572622,0
0.367778,0.0159389,0.000398452,-0.756679,0.572586,0
0.367778,0.0158312,0.000393928,-0.75664,0.572526,0
0.367778,0.0159813,0.000401639,-0.756692,0.572606,0
0.367778,0.0158056,0.000391934,-0.756698,0.572614,0
0.367778,0.0158284,0.00039331,-0.756631,0.572514,0
0.367778,0.0159824,0.000401063,-0.756648,0.572539,0
0.375556,0.0156307,0.0003828,-0.751311,0.564492,0
0.375556,0.0156146,0.00038275,-0.751313,0.564495,0
0.375556,0.0154852,0.000377218,-0.751317,0.5645,0
0.375556,0.01561,0.000382365,-0.751305,0.564482,0
0.375556,0.0155832,0.000380618,-0.751355,0.564558,0
0.375556,0.0156512,0.000383957,-0.751332,0.564523,0
0.375556,0.0155595,0.000379531,-0.751333,0.564525,0
0.375556,0.015502,0.00037727,-0.751302,0.564478,0
0.375556,0.0155974,0.000382652,-0.751226,0.564365,0
0.375556,0.0154584,0.000375825,-0.751348,0.564547,0
0.383333,0.0153351,0.000369048,-0.745983,0.556515,0
0.383333,0.0152724,0.000365503,-0.745989,0.556524,0
0.383333,0.0153687,0.000371816,-0.746011,0.556558,0
0.383333,0.015181,0.000361398,-0.746051,0.556617,0
0.383333,0.015135,0.000359439,-0.745977,0.556507,0
0.383333,0.0151968,0.000362832,-0.746017,0.556565,0
0.383333,0.0153096,0.000368568,-0.74601,0.556556,0
0.383333,0.0152794,0.000366764,-0.746004,0.556546,0
0.383333,0.0152147,0.000363702,-0.746009,0.556553,0
0.383333,0.0153222,0.000369692,-0.746057,0.556625,0
0.391111,0.0150603,0.000355654,-0.740661,0.548604,0
0.391111,0.0151214,0.000358603,-0.740686,0.548641,0
0.391111,0.0151134,0.000358174,-0.740704,0.548667,0
0.391111,0.0150145,0.00035406,-0.740739,0.54872,0
0.391111,0.0150777,0.00035828,-0.740703,0.548666,0
0.391111,0.0150472,0.000355945,-0.740743,0.548726,0
0.391111,0.0151099,0.000357811,-0.740674,0.548624,0
0.391111,0.0150967,0.000356592,-0.740691,0.548649,0
0.391111,0.015165,0.000360623,-0.740716,0.548685,0
0.391111,0.0152695,0.000365977,-0.740716,0.548686,0
0.398889,0.0148774,0.000348348,-0.735461,0.540928,0
0.398889,0.0148781,0.00034804,-0.735449,0.540911,0
0.398889,0.0147818,0.000342267,-0.735443,0.540903,0
0.398889,0.0148367,0.000345214,-0.73546,0.540928,0
0.398889,0.0148418,0.000345999,-0.7354,0.540839,0
0.398889,0.0148237,0.000345394,-0.735469,0.54094,0
0.398889,0.0148987,0.000347449,-0.73545,0.540913,0
0.398889,0.0148272,0.000344323,-0.735485,0.540965,0
0.398889,0.0148289,0.000344526,-0.735394,0.540831,0
0.398889,0.0148268,0.000345294,-0.735442,0.540901,0
0.406667,0.0145231,0.000330568,-0.730227,0.53326,0
0.406667,0.0146146,0.00033466,-0.730245,0.533284,0
0.406667,0.0146145,0.000336243,-0.730227,0.533259,0
0.406667,0.0146845,0.000338545,-0.730244,0.533283,0
0.406667,0.0145185,0.000331389,-0.730226,0.533258,0
0.406667,0.0145578,0.000333212,-0.730203,0.533224,0
0.406667,0.0145869,0.000334387,-0.7302,0.533218,0
0.406667,0.0145118,0.000330434,-0.730164,0.533166,0
0.406667,0.0146808,0.000337172,-0.730223,0.533253,0
0.406667,0.0145811,0.000334091,-0.730225,0.533256,0
0.414444,0.0143635,0.000324739,-0.724986,0.525632,0
0.414444,0.0143759,0.000325007,-0.724958,0.525592,0
0.414444,0.0143198,0.000322062,-0.724945,0.525573,0
0.414444,0.0143891,0.000325919,-0.725,0.525653,0
0.414444,0.0143662,0.000324204,-0.72496,0.525594,0
0.414444,0.0144407,0.000327365,-0.724994,0.525645,0
0.414444,0.0144511,0.000327617,-0.725013,0.525672,0
0.414444,0.0144286,0.000326626,-0.724993,0.525642,0
0.414444,0.0144204,0.000326435,-0.725003,0.525657,0
0.414444,0.0144435,0.000326788,-0.725024,0.525688,0
0.422222,0.0141593,0.000315128,-0.719799,0.51814,0
0.422222,0.0141936,0.000316699,-0.719851,0.518215,0
0.422222,0.0142642,0.000319689,-0.719874,0.518247,0
0.422222,0.0141447,0.000313912,-0.719836,0.518192,0
0.422222,0.0141297,0.000313658,-0.719801,0.518143,0
0.422222,0.0141692,0.000315234,-0.719862,0.51823,0
0.422222,0.0140886,0.000312091,-0.719784,0.518117,0
0.422222,0.0141212,0.000313595,-0.719865,0.518235,0
0.422222,0.0141847,0.000315873,-0.719824,0.518176,0
0.422222,0.0141391,0.000314605,-0.719813,0.51816,0
0.43,0.014031,0.000307435,-0.714691,0.510813,0
0.43,0.0139032,0.000303838,-0.714699,0.510824,0
0.43,0.0139741,0.000306361,-0.714659,0.510766,0
0.43,0.0139252,0.000303942,-0.714664,0.510775,0
0.43,0.0140185,0.000309018,-0.714708,0.510837,0
0.43,0.0140312,0.000309414,-0.714705,0.510832,0
0.43,0.0139805,0.000307542,-0.714702,0.510829,0
0.43,0.0140195,0.000308266,-0.714688,0.510808,0
0.43,0.0140305,0.000310194,-0.714681,0.5108,0
0.43,0.0139306,0.000305411,-0.714685,0.510804,0
0.437778,0.0137484,0.000296727,-0.709533,0.503468,0
0.437778,0.0138555,0.000302091,-0.709604,0.503569,0
0.437778,0.0138168,0.000300106,-0.709557,0.503502,0
0.437778,0.0138658,0.000301594,-0.709582,0.503537,0
0.437778,0.0140042,0.000307952,-0.709553,0.503497,0
0.437778,0.0137639,0.000297395,-0.709594,0.503555,0
0.437778,0.0137186,0.000296119,-0.709578,0.503531,0
0.437778,0.0138776,0.000302956,-0.709581,0.503537,0
0.437778,0.0138651,0.000301659,-0.709588,0.503546,0
0.437778,0.0138156,0.000299408,-0.70958,0.503534,0
0.445556,0.0137161,0.000295432,-0.704463,0.4963,0
0.445556,0.0137292,0.000294899,-0.704508,0.496363,0
0.445556,0.01359,0.000289942,-0.704513,0.49637,0
0.445556,0.0136713,0.000293764,-0.704499,0.49635,0
0.445556,0.0136622,0.000292792,-0.704517,0.496376,0
0.445556,0.0137109,0.000295577,-0.704463,0.496299,0
0.445556,0.0136393,0.000292606,-0.704489,0.496337,0
0.445556,0.0136928,0.000294061,-0.704534,0.4964,0
0.445556,0.013693,0.000294306,-0.704496,0.496346,0
0.445556,0.0136364,0.000291715,-0.704517,0.496376,0
0.453333,0.0134653,0.000285412,-0.699443,0.489253,0
0.453333,0.0135259,0.00028713,-0.699431,0.489236,0
0.453333,0.0134316,0.000283986,-0.699474,0.489296,0
0.453333,0.0135619,0.00028907,-0.699437,0.489245,0
0.453333,0.0134299,0.000283466,-0.699472,0.489293,0
0.453333,0.0133764,0.000280949,-0.699426,0.489229,0
0.453333,0.0135132,0.000286329,-0.699483,0.489309,0
0.453333,0.0135518,0.000288486,-0.699445,0.489255,0
0.453333,0.0134574,0.000284194,-0.699484,0.489311,0
0.453333,0.0133911,0.000280982,-0.699394,0.489185,0
0.461111,0.0133682,0.000280141,-0.694443,0.482284,0
0.461111,0.013407,0.000282302,-0.694412,0.482242,0
0.461111,0.0134926,0.000285138,-0.694478,0.482332,0
0.461111,0.0133555,0.000280019,-0.694458,0.482305,0
0.461111,0.0133311,0.000279378,-0.694466,0.482316,0
0.461111,0.0134141,0.000282511,-0.694471,0.482323,0
0.461111,0.0133534,0.000278953,-0.694476,0.48233,0
0.461111,0.0134224,0.00028244,-0.694432,0.482269,0
0.461111,0.0132955,0.000277878,-0.694476,0.482331,0
0.461111,0.013474,0.000284945,-0.694433,0.482271,0
0.468889,0.0131675,0.000272299,-0.689488,0.475427,0
0.468889,0.0131866,0.00027335,-0.689496,0.475439,0
0.468889,0.0132442,0.000275704,-0.689447,0.475371,0
0.468889,0.0131786,0.000272113,-0.689518,0.475469,0
0.468889,0.013253,0.000275785,-0.689484,0.475422,0
0.468889,0.0132416,0.000275239,-0.689496,0.475439,0
0.468889,0.0131691,0.00027301,-0.689448,0.475373,0
0.468889,0.0131926,0.000273984,-0.689415,0.475328,0
0.468889,0.0131809,0.000272535,-0.689462,0.475392,0
0.468889,0.0132502,0.000275888,-0.689505,0.475452,0
0.476667,0.0131843,0.000272798,-0.684543,0.468634,0
0.476667,0.0130185,0.000266364,-0.684479,0.468547,0
0.476667,0.0131768,0.000272704,-0.684518,0.468601,0
0.476667,0.0131129,0.000269494,-0.684543,0.468634,0
0.476667,0.0131123,0.000270015,-0.684494,0.468567,0
0.476667,0.0131162,0.000269706,-0.684507,0.468585,0
0.476667,0.0131516,0.000271855,-0.684535,0.468624,0
0.476667,0.0131066,0.000269411,-0.68452,0.468603,0
0.476667,0.0131124,0.00027041,-0.684573,0.468675,0
0.476667,0.0131307,0.000270424,-0.684583,0.468689,0
0.484444,0.0130139,0.000265525,-0.67963,0.461933,0
0.484444,0.0129707,0.0002647,-0.679622,0.461923,0
0.484444,0.0129553,0.000263654,-0.679652,0.461962,0
0.484444,0.0130049,0.000265876,-0.679596,0.461886,0
0.484444,0.0130894,0.000268545,-0.679601,0.461893,0
0.484444,0.0129387,0.000262935,-0.67965,0.46196,0
0.484444,0.0129973,0.000265237,-0.679661,0.461975,0
0.484444,0.0129905,0.000264679,-0.679622,0.461922,0
0.484444,0.0129632,0.000263732,-0.679653,0.461964,0
0.484444,0.0129354,0.000263479,-0.679659,0.461972,0
0.492222,0.0128011,0.000257923,-0.674733,0.455301,0
0.492222,0.0128528,0.000259908,-0.674794,0.455384,0
0.492222,0.0128651,0.000260733,-0.674759,0.455336,0
0.492222,0.0128082,0.00025781,-0.67477,0.455352,0
0.492222,0.0128241,0.000258123,-0.674748,0.455322,0
0.492222,0.0128433,0.000258575,-0.674804,0.455397,0
0.492222,0.0127956,0.000257499,-0.674724,0.45529,0
0.492222,0.0128652,0.000259812,-0.674755,0.455331,0
0.492222,0.0128651,0.000260099,-0.674762,0.455341,0
0.492222,0.0128081,0.000258293,-0.674773,0.455355,0
0.5,0.012717,0.000254292,-0.66986,0.44875,0
0.5,0.0126844,0.000252422,-0.669948,0.448868,0
0.5,0.0127158,0.000253885,-0.669927,0.44884,0
0.5,0.0127482,0.000255565,-0.66991,0.448817,0
0.5,0.0127183,0.000253622,-0.669919,0.448829,0
0.5,0.0127726,0.000256158,-0.669919,0.448829,0
0.5,0.0126684,0.000252496,-0.669936,0.448851,0
0.5,0.0126614,0.000252067,-0.669933,0.448848,0
0.5,0.0127898,0.000257014,-0.669922,0.448834,0
0.5,0.0126706,0.000252269,-0.669939,0.448856,0
0.01,0.941591,0.886602,-0.995167,0.990357,0
0.01,0.941569,0.886561,-0.995171,0.990365,0
0.01,0.94176,0.886919,-0.995172,0.990368,0
0.01,0.941507,0.886444,-0.995171,0.990365,0
0.01,0.941488,0.886407,-0.995168,0.99036,0
0.01,0.941474,0.886382,-0.995169,0.990362,0
0.01,0.941561,0.886546,-0.995168,0.990359,0
0.01,0.941461,0.886357,-0.995167,0.990358,0
0.01,0.941501,0.886433,-0.995166,0.990355,0
0.01,0.941084,0.885649,-0.995167,0.990357,0
0.0177778,0.912301,0.83231,-0.991429,0.982931,0
0.0177778,0.912096,0.831937,-0.991429,0.982931,0
0.0177778,0.912368,0.832431,-0.991432,0.982937,0
0.0177778,0.912278,0.832266,-0.991434,0.982941,0
0.0177778,0.912332,0.832367,-0.991438,0.982949,0
0.0177778,0.912019,0.831794,-0.991429,0.982931,0
0.0177778,0.912451,0.832583,-0.991439,0.982951,0
0.0177778,0.912395,0.832481,-0.991434,0.98294,0
0.0177778,0.912246,0.83221,-0.991436,0.982945,0
0.0177778,0.912378,0.832449,-0.991434,0.982942,0
0.0255556,0.886248,0.785459,-0.987688,0.975528,0
0.0255556,0.886386,0.785706,-0.987694,0.97554,0
0.0255556,0.886317,0.785583,-0.98769,0.975531,0
0.0255556,0.886455,0.785828,-0.987689,0.97553,0
0.0255556,0.886551,0.785998,-0.987694,0.97554,0
0.0255556,0.886658,0.786187,-0.987687,0.975526,0
0.0255556,0.886187,0.785352,-0.987691,0.975534,0
0.0255556,0.886482,0.785876,-0.98769,0.975531,0
0.0255556,0.886733,0.786318,-0.987695,0.975542,0
0.0255556,0.886409,0.785745,-0.987688,0.975528,0
0.0333333,0.862625,0.744156,-0.983946,0.968149,0
0.0333333,0.862879,0.744594,-0.983944,0.968145,0
0.0333333,0.862518,0.743972,-0.98393,0.968119,0
0.0333333,0.863085,0.744949,-0.983949,0.968156,0
0.0333333,0.862696,0.744279,-0.983941,0.968141,0
0.0333333,0.86286,0.744561,-0.983946,0.968149,0
0.0333333,0.862661,0.744217,-0.983943,0.968143,0
0.0333333,0.862461,0.743874,-0.983935,0.968129,0
0.0333333,0.862979,0.744766,-0.98395,0.968157,0
0.0333333,0.862666,0.744225,-0.983938,0.968135,0
0.0411111,0.840509,0.706497,-0.980188,0.960768,0
0.0411111,0.840121,0.705847,-0.980171,0.960736,0
0.0411111,0.840215,0.706003,-0.980174,0.960742,0
0.0411111,0.8405,0.706484,-0.98018,0.960754,0
0.0411111,0.840208,0.705993,-0.980171,0.960735,0
0.0411111,0.840376,0.706276,-0.980181,0.960756,0
0.0411111,0.840281,0.706115,-0.980171,0.960735,0
0.0411111,0.840491,0.706468,-0.980184,0.960761,0
0.0411111,0.840329,0.706196,-0.980179,0.960751,0
0.0411111,0.840368,0.70626,-0.98018,0.960752,0
0.0488889,0.818945,0.670723,-0.976396,0.95335,0
0.0488889,0.818573,0.670114,-0.976389,0.953336,0
0.0488889,0.818973,0.67077,-0.976392,0.953342,0
0.0488889,0.819011,0.670833,-0.976393,0.953343,0
0.0488889,0.819069,0.670928,-0.976398,0.953353,0
0.0488889,0.818872,0.670605,-0.976391,0.95334,0
0.0488889,0.819053,0.670901,-0.976393,0.953344,0
0.0488889,0.819125,0.671019,-0.976402,0.953361,0
0.0488889,0.819122,0.671012,-0.976398,0.953354,0
0.0488889,0.819172,0.671097,-0.976394,0.953345,0
0.0566667,0.798484,0.637641,-0.972598,0.945947,0
0.0566667,0.798484,0.63764,-0.972597,0.945945,0
0.0566667,0.798673,0.637942,-0.972594,0.94594,0
0.0566667,0.798655,0.637914,-0.972594,0.945939,0
0.0566667,0.798564,0.63777,-0.972593,0.945938,0
0.0566667,0.798383,0.637477,-0.972589,0.94593,0
0.0566667,0.798615,0.637846,-0.972593,0.945938,0
0.0566667,0.798402,0.637506,-0.972595,0.945941,0
0.0566667,0.798382,0.637477,-0.97259,0.945932,0
0.0566667,0.798382,0.637476,-0.972588,0.945927,0
0.0644444,0.778335,0.605878,-0.968764,0.938505,0
0.0644444,0.778708,0.60646,-0.968784,0.938544,0
0.0644444,0.778262,0.605765,-0.968768,0.938513,0
0.0644444,0.7784,0.605977,-0.968774,0.938523,0
0.0644444,0.77842,0.606012,-0.968773,0.938522,0
0.0644444,0.778684,0.606425,-0.968774,0.938524,0
0.0644444,0.778468,0.606087,-0.96877,0.938517,0
0.0644444,0.778488,0.606117,-0.968774,0.938524,0
0.0644444,0.778603,0.606299,-0.968772,0.938519,0
0.0644444,0.778465,0.60608,-0.968768,0.938512,0
0.0722222,0.759016,0.57619,-0.964922,0.931074,0
0.0722222,0.75909,0.576302,-0.964925,0.931081,0
0.0722222,0.75914,0.57638,-0.964929,0.931089,0
0.0722222,0.759311,0.57664,-0.964927,0.931084,0
0.0722222,0.759112,0.576337,-0.964927,0.931085,0
0.0722222,0.759058,0.576254,-0.964916,0.931064,0
0.0722222,0.758843,0.575928,-0.964921,0.931074,0
0.0722222,0.759152,0.576396,-0.964934,0.931099,0
0.0722222,0.758979,0.576134,-0.964916,0.931064,0
0.0722222,0.759161,0.576412,-0.96493,0.931091,0
0.08,0.739756,0.54734,-0.961053,0.923624,0
0.08,0.73999,0.547685,-0.961064,0.923645,0
0.08,0.740089,0.54783,-0.961062,0.92364,0
0.08,0.739706,0.547265,-0.961054,0.923626,0
0.08,0.739944,0.547615,-0.961049,0.923617,0
0.08,0.740034,0.547746,-0.961047,0.923612,0
0.08,0.740125,0.547882,-0.961055,0.923627,0
0.08,0.739727,0.547294,-0.961041,0.923601,0
0.08,0.739987,0.54768,-0.961056,0.923629,0
0.08,0.739778,0.547369,-0.961044,0.923606,0
0.0877778,0.721631,0.520862,-0.957173,0.916182,0
0.0877778,0.721352,0.520458,-0.957154,0.916144,0
0.0877778,0.721083,0.520071,-0.957151,0.916139,0
0.0877778,0.721231,0.520287,-0.957159,0.916154,0
0.0877778,0.721223,0.520275,-0.957154,0.916145,0
0.0877778,0.72103,0.519999,-0.957143,0.916125,0
0.0877778,0.721051,0.520021,-0.95715,0.916138,0
0.0877778,0.721322,0.520415,-0.957141,0.916119,0
0.0877778,0.721115,0.520116,-0.957152,0.916141,0
0.0877778,0.721405,0.520535,-0.957164,0.916164,0
0.0955556,0.702277,0.493318,-0.953217,0.908625,0
0.0955556,0.702491,0.493618,-0.953211,0.908613,0
0.0955556,0.703003,0.494339,-0.953231,0.90865,0
0.0955556,0.702656,0.493849,-0.953208,0.908607,0
0.0955556,0.702414,0.493511,-0.953219,0.908627,0
0.0955556,0.702831,0.494095,-0.953229,0.908646,0
0.0955556,0.702467,0.493585,-0.953207,0.908605,0
0.0955556,0.702818,0.494074,-0.953227,0.908642,0
0.0955556,0.702904,0.494198,-0.953223,0.908635,0
0.0955556,0.702796,0.494048,-0.95323,0.908648,0
0.103333,0.684471,0.468644,-0.949256,0.901087,0
0.103333,0.684514,0.468698,-0.949266,0.901107,0
0.103333,0.684242,0.468329,-0.949254,0.901085,0
0.103333,0.683357,0.467124,-0.949197,0.900976,0
0.103333,0.684014,0.468017,-0.949241,0.90106,0
0.103333,0.684178,0.468244,-0.949247,0.901071,0
0.103333,0.684377,0.468512,-0.94925,0.901076,0
0.103333,0.684167,0.468225,-0.949248,0.901072,0
0.103333,0.684257,0.468347,-0.94926,0.901096,0
0.103333,0.684177,0.468238,-0.949264,0.901103,0
0.111111,0.665935,0.443624,-0.945256,0.89351,0
0.111111,0.665433,0.442956,-0.945214,0.893431,0
0.111111,0.665604,0.44318,-0.945236,0.893473,0
0.111111,0.666057,0.443793,-0.945252,0.893502,0
0.111111,0.666459,0.444326,-0.94527,0.893536,0
0.111111,0.665912,0.443595,-0.945231,0.893463,0
0.111111,0.666064,0.443791,-0.945255,0.893508,0
0.111111,0.665396,0.442912,-0.945222,0.893446,0
0.111111,0.666141,0.443898,-0.945234,0.89347,0
0.111111,0.666068,0.4438,-0.945258,0.893515,0
0.118889,0.647702,0.419687,-0.941206,0.885871,0
0.118889,0.6472,0.419045,-0.941179,0.88582,0
0.118889,0.647256,0.419116,-0.941197,0.885854,0
0.118889,0.647443,0.41936,-0.941193,0.885846,0
0.118889,0.646847,0.41859,-0.941161,0.885786,0
0.118889,0.64717,0.419007,-0.941185,0.885832,0
0.118889,0.647736,0.41974,-0.941222,0.8859,0
0.118889,0.647213,0.419062,-0.94119,0.88584,0
0.118889,0.647579,0.419538,-0.941201,0.885862,0
0.118889,0.647602,0.419562,-0.941204,0.885866,0
0.126667,0.627738,0.394265,-0.937016,0.878001,0
0.126667,0.627909,0.394473,-0.937015,0.877999,0
0.126667,0.62842,0.39511,-0.937056,0.878075,0
0.126667,0.628294,0.394954,-0.937041,0.878048,0
0.126667,0.628511,0.395223,-0.937078,0.878118,0
0.126667,0.62761,0.394101,-0.936992,0.877955,0
0.126667,0.627844,0.394392,-0.937015,0.878,0
0.126667,0.628275,0.394928,-0.937047,0.878058,0
0.126667,0.627848,0.394393,-0.937016,0.878,0
0.126667,0.628069,0.394669,-0.937029,0.878025,0
0.134444,0.607732,0.369568,-0.932759,0.870042,0
0.134444,0.608031,0.369951,-0.93276,0.870043,0
0.134444,0.607863,0.369735,-0.932757,0.870037,0
0.134444,0.60823,0.370177,-0.932802,0.870123,0
0.134444,0.606146,0.367666,-0.932643,0.869826,0
0.134444,0.60585,0.367313,-0.932627,0.869796,0
0.134444,0.607709,0.369549,-0.932739,0.870005,0
0.134444,0.608619,0.370647,-0.932794,0.870106,0
0.134444,0.608236,0.37018,-0.932812,0.87014,0
0.134444,0.607055,0.368749,-0.932702,0.869936,0
0.142222,0.586519,0.344295,-0.928366,0.861866,0
0.142222,0.584294,0.341724,-0.9282,0.861558,0
0.142222,0.582399,0.339552,-0.928059,0.861296,0
0.142222,0.585398,0.342988,-0.928276,0.861699,0
0.142222,0.586259,0.343974,-0.928345,0.861828,0
0.142222,0.584209,0.341632,-0.928194,0.861547,0
0.142222,0.58488,0.342391,-0.928298,0.86174,0
0.142222,0.584978,0.342497,-0.928231,0.861615,0
0.142222,0.584965,0.342476,-0.928263,0.861674,0
0.142222,0.585911,0.343583,-0.928293,0.861731,0
0.15,0.553325,0.306657,-0.923108,0.852132,0
0.15,0.555106,0.308775,-0.92328,0.85245,0
0.15,0.549642,0.302636,-0.922893,0.851735,0
0.15,0.556534,0.310202,-0.923352,0.852583,0
0.15,0.554139,0.307537,-0.923174,0.852253,0
0.15,0.55303,0.306408,-0.923123,0.852161,0
0.15,0.553807,0.307191,-0.923143,0.852197,0
0.15,0.548758,0.301702,-0.922876,0.851705,0
0.15,0.553914,0.307343,-0.923189,0.852282,0
0.15,0.554531,0.308,-0.92321,0.852321,0
0.157778,0.510532,0.261623,-0.917437,0.841695,0
0.157778,0.503691,0.254958,-0.916997,0.840889,0
0.157778,0.504253,0.255605,-0.917121,0.841117,0
0.157778,0.51432,0.265382,-0.91755,0.841902,0
0.157778,0.49234,0.245165,-0.916601,0.840164,0
0.157778,0.503566,0.254701,-0.917102,0.841081,0
0.157778,0.513606,0.26474,-0.917544,0.841893,0
0.157778,0.508314,0.259733,-0.917375,0.841582,0
0.157778,0.506193,0.258006,-0.917322,0.841485,0
0.157778,0.477929,0.231747,-0.916094,0.839236,0
0.165556,0.292716,0.102364,-0.906934,0.822539,0
0.165556,0.290583,0.0950123,-0.906804,0.822301,0
0.165556,0.283792,0.103303,-0.906679,0.822081,0
0.165556,0.244557,0.0750914,-0.905636,0.820186,0
0.165556,0.211882,0.0616287,-0.905073,0.819166,0
0.165556,0.301383,0.101531,-0.906883,0.822445,0
0.165556,0.237885,0.0794784,-0.90587,0.820613,0
0.165556,0.285848,0.0938675,-0.90661,0.821952,0
0.165556,0.235456,0.0715719,-0.905738,0.820372,0
0.165556,0.255178,0.0812765,-0.905891,0.820648,0
0.173333,0.0912717,0.0125896,-0.897269,0.805098,0
0.173333,0.113316,0.0201788,-0.897741,0.805945,0
0.173333,0.0915825,0.0124934,-0.897334,0.805215,0
0.173333,0.0841844,0.0108274,-0.897178,0.804935,0
0.173333,0.0922078,0.0129121,-0.897327,0.805202,0
0.173333,0.111474,0.0177402,-0.897533,0.805572,0
0.173333,0.090412,0.0122076,-0.89728,0.805118,0
0.173333,0.0963932,0.0149321,-0.897497,0.805508,0
0.173333,0.0844276,0.0106513,-0.897186,0.804948,0
0.173333,0.0887835,0.0120373,-0.897248,0.805061,0
0.181111,0.0649887,0.00639206,-0.891091,0.794049,0
0.181111,0.0674338,0.00699203,-0.89134,0.794494,0
0.181111,0.0617309,0.00588718,-0.891039,0.793957,0
0.181111,0.0682107,0.00727015,-0.891223,0.794284,0
0.181111,0.0613702,0.005951,-0.891116,0.794095,0
0.181111,0.0633431,0.00634199,-0.891185,0.794218,0
0.181111,0.0605785,0.00583438,-0.891072,0.794016,0
0.181111,0.0680426,0.00707435,-0.891149,0.794153,0
0.181111,0.0625931,0.00584461,-0.891117,0.794096,0
0.181111,0.0610615,0.00579089,-0.891176,0.794201,0
0.188889,0.0447965,0.00317941,-0.885101,0.783409,0
0.188889,0.0458595,0.00332421,-0.88522,0.78362,0
0.188889,0.0514947,0.00423832,-0.88511,0.783426,0
0.188889,0.0507044,0.00396372,-0.885165,0.783523,0
0.188889,0.0467011,0.00338018,-0.885086,0.783385,0
0.188889,0.0486969,0.00368835,-0.885045,0.783311,0
0.188889,0.0505619,0.00406808,-0.885094,0.783398,0
0.188889,0.0476713,0.00360287,-0.885044,0.78331,0
0.188889,0.0524826,0.00420072,-0.885116,0.783437,0
0.188889,0.0496436,0.00382626,-0.885103,0.783413,0
0.196667,0.0451031,0.0031815,-0.879308,0.77319,0
0.196667,0.0441763,0.00306436,-0.879375,0.773308,0
0.196667,0.0426043,0.00288928,-0.879337,0.77324,0
0.196667,0.0415395,0.00267741,-0.879304,0.773183,0
0.196667,0.0416397,0.00270091,-0.879313,0.773198,0
0.196667,0.0459299,0.00333453,-0.879359,0.773279,0
0.196667,0.0440231,0.00298508,-0.879416,0.773379,0
0.196667,0.0426094,0.00284107,-0.879225,0.773044,0
0.196667,0.0404734,0.00261135,-0.879294,0.773165,0
0.196667,0.0416189,0.00272835,-0.879313,0.773199,0
0.204444,0.03876,0.00231778,-0.873646,0.763264,0
0.204444,0.0384431,0.0023538,-0.873586,0.76316,0
0.204444,0.0393171,0.00241381,-0.873631,0.763238,0
0.204444,0.0399176,0.00243791,-0.873542,0.763083,0
0.204444,0.0388147,0.00235697,-0.873535,0.763071,0
0.204444,0.0375484,0.002223,-0.873567,0.763127,0
0.204444,0.0379309,0.00223043,-0.873703,0.763365,0
0.204444,0.0378712,0.00227402,-0.873521,0.763046,0
0.204444,0.038961,0.00236422,-0.873567,0.763126,0
0.204444,0.0369298,0.00216211,-0.873574,0.763138,0
0.212222,0.0352825,0.00193344,-0.867934,0.753317,0
0.212222,0.0343654,0.00186623,-0.86781,0.753103,0
0.212222,0.0349588,0.00190803,-0.867878,0.75322,0
0.212222,0.0333137,0.00175072,-0.867779,0.753049,0
0.212222,0.0358596,0.0019874,-0.86789,0.753241,0
0.212222,0.0337004,0.00177873,-0.867832,0.753141,0
0.212222,0.0335031,0.00177181,-0.8678,0.753084,0
0.212222,0.0349583,0.00191239,-0.867897,0.753253,0
0.212222,0.0342649,0.0018413,-0.867898,0.753255,0
0.212222,0.035273,0.00195232,-0.867856,0.753182,0
0.22,0.032083,0.00160181,-0.862131,0.743279,0
0.22,0.0329886,0.00168464,-0.862185,0.743372,0
0.22,0.0313226,0.00154341,-0.862159,0.743326,0
0.22,0.0311175,0.00151696,-0.862024,0.743094,0
0.22,0.032774,0.00170186,-0.862132,0.743281,0
0.22,0.0329189,0.00170507,-0.862165,0.743338,0
0.22,0.032975,0.00171184,-0.862206,0.743407,0
0.22,0.0318634,0.00161136,-0.86206,0.743155,0
0.22,0.0322832,0.00162969,-0.862112,0.743245,0
0.22,0.0316903,0.00157204,-0.862246,0.743477,0
0.227778,0.0292693,0.00135402,-0.856447,0.733511,0
0.227778,0.0297435,0.00138198,-0.856357,0.733356,0
0.227778,0.0288968,0.00132016,-0.856432,0.733484,0
0.227778,0.029603,0.00136442,-0.856468,0.733547,0
0.227778,0.0292299,0.00134178,-0.856483,0.733572,0
0.227778,0.0296477,0.00138703,-0.856467,0.733545,0
0.227778,0.0290709,0.00134625,-0.856433,0.733486,0
0.227778,0.0291959,0.00134213,-0.85644,0.733499,0
0.227778,0.0296488,0.00138346,-0.856414,0.733454,0
0.227778,0.0299184,0.00140522,-0.856458,0.733529,0
0.235556,0.02711,0.00115202,-0.850737,0.723764,0
0.235556,0.02724,0.00116619,-0.850812,0.723892,0
0.235556,0.0280247,0.00122121,-0.850835,0.72393,0
0.235556,0.028533,0.00126067,-0.850788,0.72385,0
0.235556,0.0271035,0.00114928,-0.850734,0.723759,0
0.235556,0.0286801,0.00128502,-0.850818,0.723901,0
0.235556,0.0284761,0.00126083,-0.850824,0.72391,0
0.235556,0.0270935,0.0011513,-0.850808,0.723884,0
0.235556,0.0279029,0.00122152,-0.850766,0.723813,0
0.235556,0.0284975,0.00126728,-0.850782,0.72384,0
0.243333,0.0261596,0.00107744,-0.845135,0.714263,0
0.243333,0.0262287,0.00108403,-0.845087,0.714183,0
0.243333,0.0260003,0.00106424,-0.845142,0.714276,0
0.243333,0.0261678,0.00107518,-0.845108,0.714218,0
0.243333,0.0263778,0.00108671,-0.845117,0.714234,0
0.243333,0.026603,0.00110693,-0.845086,0.714181,0
0.243333,0.0260876,0.00106713,-0.845113,0.714227,0
0.243333,0.0255138,0.00102874,-0.845123,0.714244,0
0.243333,0.0260822,0.00106904,-0.845144,0.714279,0
0.243333,0.0262312,0.00107518,-0.84512,0.714238,0
0.251111,0.0247146,0.000954118,-0.839444,0.704677,0
0.251111,0.0247275,0.000966461,-0.839437,0.704666,0
0.251111,0.0248131,0.000966517,-0.839398,0.7046,0
0.251111,0.0245971,0.000948411,-0.839483,0.704743,0
0.251111,0.0252426,0.00100214,-0.839461,0.704706,0
0.251111,0.0251029,0.00099039,-0.839479,0.704737,0
0.251111,0.0248259,0.00096373,-0.839502,0.704774,0
0.251111,0.0249311,0.000971906,-0.839481,0.704739,0
0.251111,0.0249903,0.000971351,-0.839458,0.704701,0
0.251111,0.0252076,0.000990572,-0.83953,0.704822,0
0.258889,0.023831,0.000887331,-0.833852,0.695322,0
0.258889,0.023492,0.000863386,-0.83386,0.695334,0
0.258889,0.0235848,0.000875156,-0.833823,0.695272,0
0.258889,0.0239247,0.000898959,-0.833889,0.695383,0
0.258889,0.0243674,0.000929853,-0.833852,0.69532,0
0.258889,0.023535,0.000861788,-0.833851,0.695319,0
0.258889,0.0239359,0.000899503,-0.83388,0.695368,0
0.258889,0.0234222,0.000865161,-0.833838,0.695297,0
0.258889,0.0236889,0.000884861,-0.833862,0.695337,0
0.258889,0.0235047,0.00086913,-0.833787,0.695213,0
0.266667,0.0228314,0.000816083,-0.828225,0.68597,0
0.266667,0.0223203,0.000782697,-0.828245,0.686003,0
0.266667,0.0227108,0.000809857,-0.828222,0.685965,0
0.266667,0.0229323,0.000825341,-0.828203,0.685933,0
0.266667,0.0227659,0.00081149,-0.828175,0.685886,0
0.266667,0.0225341,0.00080089,-0.828225,0.685968,0
0.266667,0.0223081,0.000784362,-0.828256,0.68602,0
0.266667,0.0225958,0.000802822,-0.828259,0.686026,0
0.266667,0.0226064,0.000801421,-0.828184,0.685902,0
0.266667,0.0226166,0.000797621,-0.828195,0.685919,0
0.274444,0.0218688,0.000755187,-0.822618,0.676713,0
0.274444,0.0216955,0.000740707,-0.822593,0.676672,0
0.274444,0.0219384,0.000753236,-0.82262,0.676717,0
0.274444,0.0216399,0.000733793,-0.822589,0.676666,0
0.274444,0.02164,0.000734157,-0.82258,0.676651,0
0.274444,0.0218258,0.000746136,-0.822582,0.676654,0
0.274444,0.0223463,0.000782638,-0.822617,0.676711,0
0.274444,0.0216128,0.000738846,-0.822566,0.676628,0
0.274444,0.0215409,0.000731208,-0.822619,0.676716,0
0.274444,0.0216244,0.000737093,-0.822655,0.676774,0
0.282222,0.0212951,0.000710395,-0.816993,0.667492,0
0.282222,0.0213528,0.000715521,-0.816998,0.667499,0
0.282222,0.0208789,0.0006888,-0.817054,0.66759,0
0.282222,0.0212356,0.000703438,-0.817053,0.667589,0
0.282222,0.0208967,0.000680258,-0.817078,0.66763,0
0.282222,0.0211747,0.00069983,-0.817014,0.667526,0
0.282222,0.0211783,0.000703961,-0.817015,0.667527,0
0.282222,0.020747,0.000676346,-0.816951,0.667422,0
0.282222,0.021061,0.000693831,-0.817103,0.667671,0
0.282222,0.0208388,0.000683309,-0.81706,0.667602,0
0.29,0.0204227,0.000655656,-0.811402,0.658388,0
0.29,0.0204527,0.000654317,-0.811482,0.658518,0
0.29,0.0202912,0.000646862,-0.811414,0.658407,0
0.29,0.0204463,0.000653918,-0.811408,0.658397,0
0.29,0.0201527,0.000635612,-0.811419,0.658415,0
0.29,0.0204543,0.00066007,-0.811426,0.658427,0
0.29,0.0202703,0.000645633,-0.811407,0.658397,0
0.29,0.0202385,0.000643074,-0.811457,0.658478,0
0.29,0.0205123,0.000660401,-0.81149,0.658531,0
0.29,0.0203374,0.000651816,-0.811414,0.658407,0
0.297778,0.0198621,0.000616012,-0.805877,0.649453,0
0.297778,0.0198921,0.000620278,-0.805896,0.649483,0
0.297778,0.0197041,0.000604625,-0.805873,0.649446,0
0.297778,0.0197266,0.000607945,-0.805884,0.649465,0
0.297778,0.019318,0.00058545,-0.805896,0.649484,0
0.297778,0.0197242,0.00061131,-0.805872,0.649444,0
0.297778,0.0194699,0.000597528,-0.805832,0.64938,0
0.297778,0.0194945,0.000596784,-0.805926,0.649531,0
0.297778,0.0196457,0.000604957,-0.805883,0.649464,0
0.297778,0.0196471,0.000607885,-0.805892,0.649478,0
0.305556,0.019112,0.000573317,-0.800356,0.640585,0
0.305556,0.0188505,0.000557097,-0.800291,0.640483,0
0.305556,0.0189451,0.000565711,-0.800322,0.640532,0
0.305556,0.0191571,0.000576718,-0.800333,0.640549,0
0.305556,0.0188924,0.000561352,-0.800275,0.640456,0
0.305556,0.0191242,0.000571714,-0.800329,0.640542,0
0.305556,0.0192888,0.000585999,-0.800348,0.640573,0
0.305556,0.0188615,0.000560445,-0.800348,0.640574,0
0.305556,0.0191065,0.000572182,-0.800294,0.640486,0
0.305556,0.0190076,0.000568737,-0.800305,0.640504,0
0.313333,0.0186971,0.000549906,-0.794822,0.631759,0
0.313333,0.0185928,0.000544918,-0.794806,0.631733,0
0.313333,0.0186489,0.000545341,-0.794785,0.631701,0
0.313333,0.0185679,0.000540603,-0.794749,0.631643,0
0.313333,0.0182465,0.000523062,-0.79474,0.631628,0
0.313333,0.0184918,0.000538022,-0.794787,0.631703,0
0.313333,0.0185662,0.000537483,-0.794799,0.631723,0
0.313333,0.0184771,0.000536959,-0.794828,0.631768,0
0.313333,0.0182579,0.000527031,-0.7948,0.631723,0
0.313333,0.0184122,0.000530184,-0.794775,0.631684,0
0.321111,0.0180931,0.000515788,-0.789246,0.622927,0
0.321111,0.0180732,0.000513664,-0.789274,0.622972,0
0.321111,0.0181242,0.000515617,-0.78925,0.622934,0
0.321111,0.0179465,0.000505759,-0.789232,0.622905,0
0.321111,0.0180646,0.00051317,-0.789279,0.622979,0
0.321111,0.0178566,0.000500366,-0.789254,0.62294,0
0.321111,0.0181773,0.000516828,-0.789264,0.622956,0
0.321111,0.0181067,0.000514994,-0.789288,0.622993,0
0.321111,0.0181229,0.000515791,-0.789279,0.622979,0
0.321111,0.0181187,0.000515497,-0.789273,0.622969,0
0.328889,0.017665,0.000489036,-0.783778,0.614327,0
0.328889,0.017595,0.000486212,-0.78374,0.614266,0
0.328889,0.0176737,0.000491117,-0.783749,0.614282,0
0.328889,0.0173618,0.000474337,-0.783755,0.614291,0
0.328889,0.0176579,0.000490077,-0.783776,0.614323,0
0.328889,0.0176019,0.000486085,-0.783795,0.614354,0
0.328889,0.0175898,0.000485463,-0.783766,0.614308,0
0.328889,0.0176192,0.000489655,-0.783839,0.614422,0
0.328889,0.0176388,0.000487626,-0.783831,0.61441,0
0.328889,0.0177257,0.000492563,-0.783759,0.614297,0
0.336667,0.0170431,0.000456846,-0.778236,0.60567,0
0.336667,0.0171617,0.000460733,-0.778368,0.605876,0
0.336667,0.0170258,0.000456219,-0.778301,0.605772,0
0.336667,0.0173454,0.000472161,-0.778321,0.605804,0
0.336667,0.0170465,0.000457609,-0.778301,0.605772,0
0.336667,0.0171526,0.000463673,-0.778303,0.605776,0
0.336667,0.0173345,0.000472206,-0.778314,0.605792,0
0.336667,0.0173211,0.000468271,-0.778306,0.60578,0
0.336667,0.017164,0.000462195,-0.778399,0.605925,0
0.336667,0.0171727,0.000462901,-0.778324,0.605808,0
0.344444,0.0167684,0.00044134,-0.772855,0.597325,0
0.344444,0.0168895,0.000448281,-0.772867,0.597344,0
0.344444,0.0171117,0.000458961,-0.772905,0.597402,0
0.344444,0.0167892,0.000442123,-0.772846,0.597312,0
0.344444,0.016868,0.000447395,-0.772898,0.597392,0
0.344444,0.0169435,0.000450682,-0.77281,0.597256,0
0.344444,0.0170158,0.000454653,-0.772839,0.5973,0
0.344444,0.0167863,0.000442062,-0.772852,0.59732,0
0.344444,0.0166627,0.000437073,-0.772889,0.597378,0
0.344444,0.0167993,0.000444943,-0.77285,0.597316,0
0.352222,0.0164957,0.00042692,-0.767477,0.589042,0
0.352222,0.0165941,0.000431625,-0.767445,0.588994,0
0.352222,0.0165273,0.000428266,-0.767466,0.589026,0
0.352222,0.016496,0.000428162,-0.767475,0.589039,0
0.352222,0.0164077,0.000421918,-0.767462,0.589019,0
0.352222,0.0165621,0.000430693,-0.767379,0.588891,0
0.352222,0.0165398,0.00042929,-0.767461,0.589017,0
0.352222,0.0163547,0.000420965,-0.767423,0.588959,0
0.352222,0.0164631,0.000427651,-0.767413,0.588944,0
0.352222,0.0164796,0.000426339,-0.767444,0.588991,0
0.36,0.016018,0.00040374,-0.762072,0.580776,0
0.36,0.0162528,0.000415634,-0.762027,0.580706,0
0.36,0.0161559,0.000409905,-0.762039,0.580726,0
0.36,0.0161878,0.000412609,-0.762026,0.580706,0
0.36,0.0162215,0.00041291,-0.762001,0.580667,0
0.36,0.0161806,0.000411261,-0.762043,0.580732,0
0.36,0.0161139,0.000407652,-0.762071,0.580775,0
0.36,0.0164199,0.000422231,-0.762076,0.580782,0
0.36,0.0163172,0.000417845,-0.762031,0.580714,0
0.36,0.0161122,0.000407662,-0.762068,0.58077,0
0.367778,0.0160645,0.000405917,-0.756692,0.572605,0
0.367778,0.0159098,0.000397302,-0.756666,0.572567,0
0.367778,0.0159321,0.000397581,-0.756677,0.572583,0
0.367778,0.0158768,0.000395838,-0.756622,0.5725,0
0.367778,0.0157895,0.000392052,-0.756699,0.572617,0
0.367778,0.0158693,0.000396571,-0.756652,0.572545,0
0.367778,0.0158963,0.000396948,-0.756664,0.572563,0
0.367778,0.016032,0.000403203,-0.756618,0.572493,0
0.367778,0.0159056,0.000398506,-0.756642,0.57253,0
0.367778,0.0158266,0.000393008,-0.75664,0.572527,0
0.375556,0.0154651,0.000376598,-0.751296,0.56447,0
0.375556,0.0154893,0.000375849,-0.751311,0.564492,0
0.375556,0.0156191,0.000382472,-0.751296,0.564469,0
0.375556,0.0153584,0.00037004,-0.751313,0.564495,0
0.375556,0.0154893,0.000377705,-0.751316,0.5645,0
0.375556,0.0155388,0.000379444,-0.751286,0.564454,0
0.375556,0.0155329,0.000379139,-0.751298,0.564472,0
0.375556,0.0156491,0.000383384,-0.7513,0.564475,0
0.375556,0.0155201,0.000378196,-0.751319,0.564504,0
0.375556,0.0155757,0.000380471,-0.75132,0.564506,0
0.383333,0.0152658,0.000366219,-0.746052,0.556617,0
0.383333,0.0152494,0.000364357,-0.745976,0.556504,0
0.383333,0.0152037,0.000363308,-0.746023,0.556574,0
0.383333,0.0153692,0.000371858,-0.746002,0.556543,0
0.383333,0.0153182,0.00036958,-0.746004,0.556546,0
0.383333,0.0153963,0.000373213,-0.746014,0.556561,0
0.383333,0.0152554,0.000365774,-0.746012,0.556559,0
0.383333,0.0153182,0.000367753,-0.745971,0.556497,0
0.383333,0.0152546,0.000365303,-0.745946,0.55646,0
0.391111,0.0150415,0.000354638,-0.740672,0.54862,0
0.383333,0.0152602,0.000363978,-0.745931,0.556438,0
0.391111,0.0149811,0.000352016,-0.740695,0.548654,0
0.391111,0.015101,0.000357586,-0.740707,0.548672,0
0.391111,0.0151459,0.000359506,-0.740717,0.548687,0
0.391111,0.0150182,0.000354909,-0.740695,0.548655,0
0.391111,0.0150169,0.000354316,-0.740693,0.548651,0
0.391111,0.0150123,0.00035451,-0.740675,0.548626,0
0.391111,0.015059,0.000355278,-0.740629,0.548557,0
0.391111,0.0150543,0.00035581,-0.74069,0.548648,0
0.398889,0.0148381,0.000345751,-0.735474,0.540948,0
0.398889,0.0147801,0.000343244,-0.735473,0.540946,0
0.391111,0.0150934,0.000358666,-0.740719,0.54869,0
0.398889,0.0148153,0.000343997,-0.735413,0.540858,0
0.398889,0.014735,0.000340917,-0.735447,0.540908,0
0.398889,0.0147567,0.000340905,-0.735382,0.540813,0
0.398889,0.0148196,0.000344819,-0.735457,0.540923,0
0.398889,0.0147833,0.000344448,-0.735426,0.540878,0
0.398889,0.0147903,0.000343081,-0.735471,0.540944,0
0.398889,0.0147321,0.000340103,-0.735373,0.540799,0
0.406667,0.014517,0.000331548,-0.730168,0.533172,0
0.406667,0.0146704,0.00033755,-0.730256,0.533301,0
0.398889,0.0148829,0.000347342,-0.735451,0.540915,0
0.406667,0.014544,0.000333103,-0.730193,0.533209,0
0.406667,0.0145844,0.000333675,-0.730194,0.533211,0
0.406667,0.0146576,0.000337445,-0.730223,0.533253,0
0.406667,0.0146745,0.000338079,-0.73019,0.533205,0
0.406667,0.0145654,0.00033351,-0.730205,0.533227,0
0.406667,0.0146303,0.000335121,-0.730226,0.533258,0
0.406667,0.0146231,0.000334827,-0.730209,0.533232,0
0.414444,0.0143925,0.00032483,-0.725016,0.525676,0
0.414444,0.0144572,0.000328885,-0.724994,0.525644,0
0.406667,0.0146432,0.000335273,-0.730192,0.533208,0
0.414444,0.0142305,0.000318284,-0.724973,0.525615,0
0.414444,0.0143686,0.000323854,-0.725005,0.52566,0
0.414444,0.0143414,0.000323525,-0.725003,0.525657,0
0.414444,0.0144079,0.000325331,-0.724968,0.525607,0
0.414444,0.0143109,0.000321376,-0.72503,0.525697,0
0.414444,0.0142838,0.000319419,-0.725017,0.525678,0
0.414444,0.0143493,0.000323294,-0.724978,0.525621,0
0.422222,0.0141908,0.000315425,-0.719822,0.518173,0
0.422222,0.014176,0.000316467,-0.719821,0.518172,0
0.414444,0.0144268,0.00032645,-0.725001,0.525654,0
0.422222,0.0141442,0.000314907,-0.719881,0.518258,0
0.422222,0.0142428,0.00031932,-0.719805,0.518147,0
0.422222,0.0142182,0.000317477,-0.71985,0.518213,0
0.422222,0.0141762,0.000315192,-0.719844,0.518205,0
0.422222,0.0141277,0.000313347,-0.719827,0.51818,0
0.422222,0.0142399,0.000318302,-0.719843,0.518203,0
0.422222,0.0142142,0.000317721,-0.719814,0.51816,0
0.43,0.0139232,0.0003051,-0.714705,0.510834,0
0.43,0.0139987,0.00030677,-0.714753,0.510902,0
0.422222,0.0142366,0.000318478,-0.719835,0.518191,0
0.43,0.0140236,0.000308665,-0.714683,0.510802,0
0.43,0.0139993,0.00030819,-0.714695,0.510818,0
0.43,0.0140287,0.000309144,-0.714696,0.51082,0
0.43,0.0139579,0.000306147,-0.71468,0.510797,0
0.43,0.0140231,0.000308402,-0.714708,0.510838,0
0.43,0.0140164,0.000308122,-0.714675,0.51079,0
0.43,0.0139654,0.000306003,-0.714698,0.510823,0
0.437778,0.0138489,0.000301508,-0.70962,0.503592,0
0.437778,0.0137417,0.000296568,-0.709571,0.503522,0
0.43,0.0139689,0.000305841,-0.714682,0.510801,0
0.437778,0.013773,0.00029784,-0.709624,0.503597,0
0.437778,0.0137751,0.000298255,-0.709576,0.503529,0
0.437778,0.0137798,0.000297482,-0.709641,0.503621,0
0.437778,0.0139065,0.000303658,-0.709528,0.503461,0
0.437778,0.0138171,0.00030021,-0.709602,0.503565,0
0.437778,0.0138302,0.000300963,-0.709565,0.503513,0
0.437778,0.0138634,0.000301719,-0.709531,0.503465,0
0.445556,0.01376,0.000297167,-0.704496,0.496346,0
0.445556,0.0136873,0.000294541,-0.704444,0.496272,0
0.437778,0.0140119,0.000307753,-0.70962,0.503591,0
0.445556,0.013626,0.000291484,-0.704537,0.496404,0
0.445556,0.0136161,0.000291891,-0.704478,0.496321,0
0.445556,0.0136351,0.00029213,-0.704455,0.496288,0
0.445556,0.0136491,0.000292568,-0.704521,0.496382,0
0.445556,0.0136566,0.000292625,-0.704465,0.496302,0
0.445556,0.0136566,0.00029327,-0.704517,0.496376,0
0.445556,0.0136108,0.000290287,-0.704479,0.496322,0
0.453333,0.0134708,0.000284667,-0.699457,0.489273,0
0.453333,0.0135535,0.000288999,-0.699471,0.489291,0
0.445556,0.0137394,0.000296832,-0.704504,0.496357,0
0.453333,0.0134773,0.000284817,-0.699437,0.489245,0
0.453333,0.0134936,0.000285861,-0.699479,0.489304,0
0.453333,0.0136297,0.000291562,-0.699482,0.489308,0
0.453333,0.013517,0.000286809,-0.699445,0.489255,0
0.453333,0.0135354,0.000288207,-0.699463,0.489281,0
0.453333,0.0134614,0.000283952,-0.699465,0.489284,0
0.453333,0.0134994,0.000285585,-0.699453,0.489267,0
0.461111,0.0133422,0.000279994,-0.694455,0.482301,0
0.461111,0.0133911,0.000282038,-0.694452,0.482296,0
0.453333,0.0134827,0.000285938,-0.699438,0.489246,0
0.461111,0.0133182,0.000278735,-0.694423,0.482257,0
0.461111,0.0134169,0.000283062,-0.694397,0.482221,0
0.461111,0.0134045,0.000282904,-0.694457,0.482304,0
0.461111,0.0133524,0.000280155,-0.694467,0.482317,0
0.461111,0.0133617,0.00028055,-0.69451,0.482377,0
0.461111,0.0134228,0.000282223,-0.694424,0.482258,0
0.461111,0.0132968,0.000278056,-0.694485,0.482343,0
0.468889,0.0132675,0.000276871,-0.689478,0.475414,0
0.468889,0.013257,0.000276574,-0.689493,0.475435,0
0.461111,0.0134178,0.000282297,-0.694467,0.482318,0
0.468889,0.0132309,0.000274696,-0.689457,0.475385,0
0.468889,0.0131717,0.000273128,-0.689466,0.475397,0
0.468889,0.0132746,0.000276658,-0.68946,0.47539,0
0.468889,0.013271,0.000277177,-0.689457,0.475385,0
0.468889,0.0132938,0.000277779,-0.689482,0.47542,0
0.468889,0.0131652,0.000271977,-0.689402,0.47531,0
0.468889,0.0132259,0.000275464,-0.689532,0.475488,0
0.476667,0.0130673,0.000268254,-0.684486,0.468557,0
0.476667,0.013051,0.00026684,-0.684539,0.468628,0
0.468889,0.0131671,0.000272955,-0.689467,0.4754,0
0.476667,0.0130527,0.000267363,-0.684559,0.468656,0
0.476667,0.013187,0.000272486,-0.684578,0.468682,0
0.476667,0.0130455,0.00026805,-0.684612,0.468728,0
0.476667,0.0131183,0.000270037,-0.684554,0.468649,0
0.476667,0.0131136,0.000270149,-0.684504,0.468581,0
0.476667,0.0130706,0.000268844,-0.684543,0.468635,0
0.476667,0.0130864,0.00026921,-0.684561,0.468658,0
0.484444,0.0129409,0.000262976,-0.679601,0.461894,0
0.484444,0.0129431,0.000262816,-0.679642,0.461949,0
0.476667,0.013083,0.000269013,-0.684508,0.468587,0
0.484444,0.0129313,0.000261908,-0.679621,0.46192,0
0.484444,0.0129925,0.000265398,-0.679652,0.461963,0
0.484444,0.0129885,0.000264927,-0.679603,0.461896,0
0.484444,0.0129944,0.000264689,-0.679633,0.461937,0
0.484444,0.0129121,0.000261734,-0.679582,0.461868,0
0.484444,0.0129606,0.000263437,-0.679663,0.461978,0
0.484444,0.012922,0.00026224,-0.67961,0.461905,0
0.492222,0.0128207,0.000258183,-0.674718,0.455281,0
0.492222,0.0129119,0.000261756,-0.674748,0.455322,0
0.484444,0.0130197,0.000266155,-0.679659,0.461972,0
0.492222,0.0128036,0.000257209,-0.674728,0.455295,0
0.492222,0.0129002,0.000261271,-0.674767,0.455347,0
0.492222,0.0128272,0.000258126,-0.674789,0.455378,0
0.492222,0.0128593,0.000259268,-0.674761,0.455339,0
0.492222,0.0127818,0.000256707,-0.674779,0.455363,0
0.492222,0.0128997,0.000260786,-0.674771,0.455353,0
0.5,0.0126721,0.000252584,-0.669951,0.448872,0
0.5,0.0127904,0.000257378,-0.669921,0.448832,0
0.492222,0.0128213,0.000258266,-0.674762,0.455341,0
0.492222,0.0128532,0.000259771,-0.674814,0.455411,0
0.5,0.0127573,0.000255869,-0.669902,0.448807,0
0.5,0.0127093,0.000253536,-0.669893,0.448794,0
0.5,0.0127172,0.0002543,-0.669935,0.44885,0
0.5,0.012707,0.00025401,-0.66997,0.448898,0
0.5,0.012715,0.000254564,-0.669972,0.4489,0
0.5,0.0126734,0.000251852,-0.66993,0.448844,0
0.01,0.941337,0.886123,-0.995169,0.990362,0
0.01,0.941603,0.886624,-0.995168,0.990358,0
0.5,0.0126949,0.000253032,-0.669929,0.448842,0
0.5,0.0127477,0.000255493,-0.66992,0.448831,0
0.01,0.941285,0.886028,-0.995169,0.990362,0
0.01,0.94145,0.886335,-0.995168,0.990359,0
0.01,0.941281,0.886018,-0.995169,0.99036,0
0.01,0.941359,0.886165,-0.995169,0.990362,0
0.01,0.941829,0.887051,-0.995171,0.990365,0
0.01,0.941142,0.885757,-0.995168,0.99036,0
0.0177778,0.912195,0.832116,-0.99143,0.982934,0
0.0177778,0.912192,0.83211,-0.991432,0.982938,0
0.01,0.941679,0.886768,-0.995169,0.990362,0
0.01,0.941402,0.886247,-0.995165,0.990353,0
0.0177778,0.912168,0.832067,-0.991426,0.982925,0
0.0177778,0.912118,0.831975,-0.99143,0.982934,0
0.0177778,0.912274,0.83226,-0.991431,0.982936,0
0.0177778,0.912387,0.832467,-0.991436,0.982945,0
0.0177778,0.912235,0.832189,-0.991432,0.982938,0
0.0177778,0.912184,0.832097,-0.991432,0.982937,0
0.0255556,0.886209,0.785391,-0.987686,0.975523,0
0.0255556,0.886407,0.785742,-0.987693,0.975538,0
0.0177778,0.911831,0.831452,-0.991428,0.98293,0
0.0177778,0.912228,0.832176,-0.991437,0.982948,0
0.0255556,0.886135,0.785261,-0.987687,0.975526,0
0.0255556,0.886501,0.785908,-0.987693,0.975537,0
0.0255556,0.886368,0.785671,-0.987693,0.975537,0
0.0255556,0.886228,0.785426,-0.987691,0.975533,0
0.0255556,0.886477,0.785867,-0.987693,0.975537,0
0.0255556,0.886547,0.785991,-0.98769,0.975532,0
0.0333333,0.862737,0.744348,-0.983944,0.968146,0
0.0333333,0.862736,0.744347,-0.983944,0.968145,0
0.0255556,0.886356,0.785652,-0.98769,0.975531,0
0.0255556,0.88658,0.786049,-0.987694,0.975539,0
0.0333333,0.862403,0.743774,-0.983937,0.968132,0
0.0333333,0.862663,0.744221,-0.983945,0.968147,0
0.0333333,0.862864,0.744569,-0.98394,0.968138,0
0.0333333,0.862816,0.744483,-0.983942,0.968141,0
0.0333333,0.862837,0.74452,-0.983941,0.968141,0
0.0333333,0.86275,0.74437,-0.983946,0.96815,0
0.0411111,0.840531,0.706536,-0.980179,0.96075,0
0.0411111,0.84017,0.705929,-0.980175,0.960743,0
0.0333333,0.862892,0.744615,-0.983942,0.968143,0
0.0333333,0.862894,0.744621,-0.983939,0.968136,0
0.0411111,0.840403,0.706322,-0.980171,0.960735,0
0.0411111,0.84027,0.706098,-0.980177,0.960748,0
0.0411111,0.840476,0.706442,-0.980183,0.960758,0
0.0411111,0.840234,0.706036,-0.980172,0.960736,0
0.0411111,0.840477,0.706445,-0.980176,0.960745,0
0.0411111,0.840097,0.705806,-0.98017,0.960733,0
0.0488889,0.819021,0.670848,-0.976393,0.953343,0
0.0488889,0.818842,0.670557,-0.976398,0.953354,0
0.0411111,0.840254,0.70607,-0.980175,0.960744,0
0.0411111,0.840368,0.706262,-0.980186,0.960764,0
0.0488889,0.818938,0.670712,-0.976392,0.953341,0
0.0488889,0.819182,0.671111,-0.976391,0.953339,0
0.0488889,0.818668,0.67027,-0.976388,0.953334,0
0.0488889,0.818807,0.670499,-0.976394,0.953345,0
0.0488889,0.818841,0.670555,-0.976388,0.953334,0
0.0488889,0.819069,0.670926,-0.976395,0.953348,0
0.0566667,0.798432,0.637556,-0.972599,0.945949,0
0.0566667,0.798155,0.637113,-0.972589,0.945929,0
0.0488889,0.818985,0.670788,-0.976396,0.953349,0
0.0488889,0.81901,0.67083,-0.97639,0.953337,0
0.0566667,0.798304,0.637352,-0.972587,0.945926,0
0.0566667,0.798631,0.637874,-0.972593,0.945938,0
0.0566667,0.798515,0.637692,-0.972589,0.94593,0
0.0566667,0.798379,0.637472,-0.972587,0.945925,0
0.0566667,0.798492,0.637652,-0.972598,0.945948,0
0.0566667,0.79837,0.637458,-0.972587,0.945926,0
0.0644444,0.778243,0.605735,-0.968768,0.938512,0
0.0644444,0.778489,0.606119,-0.968776,0.938528,0
0.0566667,0.798611,0.63784,-0.972589,0.945931,0
0.0644444,0.77846,0.606073,-0.968769,0.938514,0
0.0566667,0.798444,0.637576,-0.972585,0.945923,0
0.0644444,0.778484,0.60611,-0.968766,0.938507,0
0.0644444,0.778449,0.606057,-0.968779,0.938533,0
0.0644444,0.77832,0.605857,-0.968759,0.938495,0
0.0644444,0.778647,0.606363,-0.968769,0.938514,0
0.0644444,0.778676,0.606411,-0.968779,0.938533,0
0.0722222,0.759546,0.576996,-0.964936,0.931102,0
0.0722222,0.759099,0.576319,-0.964929,0.931089,0
0.0644444,0.778603,0.606298,-0.968782,0.93854,0
0.0722222,0.759232,0.576518,-0.964929,0.931088,0
0.0644444,0.778227,0.60571,-0.968759,0.938494,0
0.0722222,0.759054,0.57625,-0.964922,0.931075,0
0.0722222,0.758694,0.575704,-0.964918,0.931067,0
0.0722222,0.759151,0.576392,-0.964924,0.931079,0
0.0722222,0.758914,0.576036,-0.964925,0.931081,0
0.0722222,0.758879,0.575987,-0.964926,0.931083,0
0.08,0.740093,0.547835,-0.961054,0.923625,0
0.08,0.739763,0.547346,-0.961048,0.923613,0
0.08,0.739571,0.547065,-0.961049,0.923615,0
0.0722222,0.759142,0.576381,-0.964923,0.931077,0
0.0722222,0.759279,0.576589,-0.964935,0.9311,0
0.08,0.740033,0.547746,-0.961056,0.923629,0
0.08,0.739886,0.547528,-0.96104,0.923598,0
0.08,0.740122,0.547875,-0.961057,0.923631,0
0.08,0.740093,0.547836,-0.96105,0.923618,0
0.08,0.739901,0.547553,-0.961055,0.923628,0
0.0877778,0.721118,0.520124,-0.957145,0.916127,0
0.0877778,0.72143,0.52057,-0.957163,0.916163,0
0.0877778,0.721225,0.520274,-0.957152,0.916141,0
0.08,0.740283,0.54812,-0.961072,0.92366,0
0.0877778,0.72127,0.52034,-0.957158,0.916153,0
0.08,0.73987,0.547503,-0.961047,0.923613,0
0.0877778,0.721146,0.520164,-0.957142,0.916122,0
0.0877778,0.721123,0.520126,-0.957157,0.91615,0
0.0877778,0.721072,0.520056,-0.957153,0.916144,0
0.0955556,0.702669,0.493867,-0.953213,0.908616,0
0.0877778,0.721116,0.520122,-0.95716,0.916156,0
0.0955556,0.702998,0.494334,-0.953234,0.908657,0
0.0877778,0.721033,0.520001,-0.957153,0.916142,0
0.0955556,0.702811,0.494064,-0.953236,0.90866,0
0.0955556,0.702581,0.493747,-0.953225,0.908639,0
0.0955556,0.702545,0.49369,-0.95322,0.90863,0
0.0877778,0.721209,0.520257,-0.957159,0.916154,0
0.0955556,0.702442,0.493551,-0.953231,0.90865,0
0.0955556,0.702505,0.493637,-0.953211,0.908612,0
0.103333,0.684246,0.468338,-0.949251,0.90108,0
0.103333,0.684558,0.468759,-0.949275,0.901124,0
0.0955556,0.702504,0.49364,-0.953229,0.908647,0
0.103333,0.684041,0.468053,-0.949262,0.9011,0
0.0955556,0.702904,0.494204,-0.953231,0.90865,0
0.103333,0.684285,0.468386,-0.949271,0.901116,0
0.103333,0.684056,0.468073,-0.949258,0.901091,0
0.0955556,0.702241,0.493272,-0.953214,0.908618,0
0.103333,0.684131,0.468181,-0.949246,0.901069,0
0.103333,0.684067,0.468092,-0.949242,0.901062,0
0.111111,0.665837,0.443497,-0.945238,0.893476,0
0.111111,0.665786,0.443423,-0.945244,0.893487,0
0.103333,0.684137,0.468181,-0.949243,0.901064,0
0.111111,0.665913,0.4436,-0.945252,0.893503,0
0.103333,0.684326,0.468442,-0.949263,0.901101,0
0.111111,0.665314,0.442801,-0.945219,0.893441,0
0.111111,0.665562,0.443129,-0.945238,0.893476,0
0.103333,0.683982,0.467968,-0.949248,0.901074,0
0.111111,0.665162,0.4426,-0.945224,0.893451,0
0.111111,0.665963,0.443669,-0.945248,0.893496,0
0.118889,0.646614,0.418286,-0.941135,0.885737,0
0.118889,0.646469,0.418106,-0.94113,0.885727,0
0.111111,0.666023,0.443744,-0.945252,0.893503,0
0.118889,0.647245,0.419102,-0.941175,0.885813,0
0.111111,0.666188,0.443959,-0.945273,0.893542,0
0.118889,0.647529,0.41947,-0.941215,0.885888,0
0.118889,0.647532,0.419475,-0.9412,0.885858,0
0.118889,0.647372,0.419262,-0.941212,0.885881,0
0.111111,0.666008,0.443723,-0.945235,0.893472,0
0.118889,0.646704,0.418405,-0.94115,0.885766,0
0.126667,0.628262,0.394913,-0.937061,0.878085,0
0.126667,0.628569,0.3953,-0.937056,0.878077,0
0.118889,0.647503,0.419432,-0.941198,0.885856,0
0.126667,0.628412,0.395098,-0.937064,0.878092,0
0.118889,0.647041,0.418838,-0.941162,0.885788,0
0.126667,0.628805,0.395591,-0.9371,0.878158,0
0.126667,0.628744,0.395512,-0.937065,0.878094,0
0.126667,0.628209,0.394844,-0.937044,0.878053,0
0.126667,0.626458,0.392666,-0.936944,0.877866,0
0.118889,0.647519,0.419453,-0.941211,0.885881,0
0.134444,0.607947,0.369846,-0.932743,0.870013,0
0.134444,0.60827,0.37023,-0.932818,0.870152,0
0.126667,0.629113,0.395971,-0.9371,0.878159,0
0.134444,0.608333,0.370303,-0.932801,0.87012,0
0.126667,0.628386,0.395072,-0.93707,0.878103,0
0.134444,0.608988,0.371096,-0.932844,0.8702,0
0.134444,0.607383,0.369156,-0.932745,0.870016,0
0.134444,0.608159,0.370098,-0.932794,0.870107,0
0.134444,0.606616,0.368238,-0.932658,0.869854,0
0.126667,0.628369,0.395038,-0.937046,0.878058,0
0.142222,0.584885,0.342383,-0.928231,0.861617,0
0.142222,0.585064,0.342606,-0.92825,0.861652,0
0.134444,0.608343,0.370311,-0.932785,0.870091,0
0.142222,0.583734,0.341054,-0.92813,0.861429,0
0.134444,0.60695,0.368638,-0.932712,0.869955,0
0.142222,0.580996,0.337905,-0.928004,0.861195,0
0.142222,0.585238,0.342799,-0.928275,0.861697,0
0.142222,0.583605,0.340912,-0.928143,0.861453,0
0.142222,0.582445,0.339578,-0.928063,0.861303,0
0.134444,0.607799,0.369661,-0.932754,0.870032,0
0.15,0.551641,0.304795,-0.923008,0.851947,0
0.15,0.555626,0.309197,-0.923246,0.852387,0
0.142222,0.582326,0.33944,-0.928058,0.861294,0
0.15,0.555973,0.309538,-0.923295,0.852477,0
0.15,0.554303,0.307763,-0.923267,0.852426,0
0.15,0.555483,0.309075,-0.923297,0.852481,0
0.142222,0.586516,0.344282,-0.928373,0.86188,0
0.15,0.554978,0.308469,-0.923197,0.852296,0
0.15,0.553938,0.307423,-0.923201,0.852305,0
0.142222,0.585707,0.343354,-0.928299,0.861743,0
0.157778,0.506176,0.25745,-0.917147,0.841164,0
0.157778,0.507682,0.25889,-0.917235,0.841325,0
0.15,0.554963,0.308478,-0.923225,0.852349,0
0.157778,0.485797,0.238136,-0.916375,0.83975,0
0.157778,0.504275,0.255744,-0.917077,0.841036,0
0.15,0.556729,0.310443,-0.923326,0.852535,0
0.157778,0.513263,0.264341,-0.917547,0.841897,0
0.157778,0.495543,0.249509,-0.916966,0.840833,0
0.157778,0.511238,0.262437,-0.917484,0.841782,0
0.15,0.556565,0.310228,-0.923289,0.852466,0
0.165556,0.296109,0.10075,-0.906672,0.822064,0
0.165556,0.405156,0.168689,-0.909247,0.826738,0
0.157778,0.503774,0.255611,-0.917107,0.841093,0
0.165556,0.331921,0.120634,-0.907343,0.823282,0
0.165556,0.215215,0.0643748,-0.905423,0.819803,0
0.165556,0.171693,0.0445898,-0.904505,0.818139,0
0.157778,0.505931,0.257091,-0.917137,0.841146,0
0.165556,0.25021,0.0803013,-0.905863,0.820597,0
0.165556,0.389349,0.156923,-0.908877,0.826065,0
0.157778,0.499066,0.251104,-0.916919,0.840747,0
0.173333,0.121541,0.0210093,-0.897753,0.805966,0
0.173333,0.083996,0.0106517,-0.897041,0.804689,0
0.165556,0.35572,0.137443,-0.908131,0.824714,0
0.173333,0.0783597,0.00993552,-0.897039,0.804685,0
0.173333,0.0806131,0.00941041,-0.897196,0.804966,0
0.173333,0.089826,0.0125194,-0.897399,0.805332,0
0.165556,0.296787,0.103176,-0.906816,0.822326,0
0.173333,0.129784,0.0243787,-0.897919,0.806267,0
0.173333,0.0899525,0.0129682,-0.897201,0.804975,0
0.165556,0.269723,0.0857081,-0.906256,0.82131,0
0.181111,0.0753199,0.00902537,-0.891462,0.794711,0
0.181111,0.0635945,0.00615818,-0.891093,0.794053,0
0.173333,0.103603,0.0157351,-0.897451,0.805425,0
0.181111,0.0623727,0.00611469,-0.890993,0.793874,0
0.181111,0.0560975,0.00477675,-0.890944,0.793788,0
0.181111,0.0641459,0.00687843,-0.891142,0.79414,0
0.173333,0.0728499,0.00873844,-0.897214,0.804999,0
0.181111,0.0566015,0.0049279,-0.891029,0.793939,0
0.181111,0.0653381,0.00691845,-0.89106,0.793994,0
0.173333,0.102624,0.015899,-0.8974,0.805334,0
0.188889,0.0505661,0.00406292,-0.885274,0.783716,0
0.188889,0.0502855,0.00401976,-0.885197,0.783581,0
0.181111,0.0696568,0.00750858,-0.891152,0.794158,0
0.188889,0.0475886,0.00358178,-0.885196,0.783578,0
0.188889,0.0470053,0.00355617,-0.885158,0.783511,0
0.188889,0.049865,0.00385972,-0.885168,0.78353,0
0.188889,0.0457569,0.00331179,-0.88514,0.783479,0
0.181111,0.0611918,0.00585574,-0.891081,0.794031,0
0.188889,0.0524341,0.00429216,-0.8852,0.783586,0
0.181111,0.0617573,0.00578845,-0.891085,0.794039,0
0.196667,0.040722,0.00263371,-0.879329,0.773226,0
0.196667,0.04121,0.00273336,-0.879344,0.773252,0
0.188889,0.0499809,0.00385635,-0.885157,0.78351,0
0.196667,0.0428623,0.00288698,-0.879359,0.773279,0
0.196667,0.0442783,0.00301353,-0.87941,0.773369,0
0.196667,0.0429053,0.00291165,-0.87935,0.773263,0
0.196667,0.0434175,0.00298841,-0.879339,0.773243,0
0.188889,0.0538511,0.00443684,-0.88513,0.783461,0
0.196667,0.0436827,0.0029391,-0.879389,0.773332,0
0.188889,0.0536181,0.0045575,-0.885077,0.783368,0
0.204444,0.0390756,0.00236504,-0.873553,0.763102,0
0.204444,0.0373957,0.00219964,-0.873541,0.763082,0
0.196667,0.0439963,0.00303409,-0.879351,0.773266,0
0.204444,0.0386867,0.00233176,-0.873524,0.763051,0
0.204444,0.0390703,0.00240226,-0.873686,0.763334,0
0.204444,0.0396936,0.00245144,-0.873636,0.763247,0
0.204444,0.0359809,0.00205817,-0.873541,0.763081,0
0.204444,0.0381235,0.00223311,-0.873507,0.763021,0
0.196667,0.0431755,0.00293548,-0.879267,0.773118,0
0.196667,0.0438588,0.00297802,-0.879295,0.773167,0
0.212222,0.0335108,0.0017683,-0.867847,0.753166,0
0.212222,0.0342236,0.00183457,-0.867834,0.753144,0
0.204444,0.0389511,0.00234717,-0.873556,0.763107,0
0.212222,0.034749,0.00190905,-0.867813,0.753107,0
0.212222,0.0350594,0.0018957,-0.86781,0.753101,0
0.212222,0.0347616,0.00190584,-0.867933,0.753316,0
0.212222,0.0354213,0.00195871,-0.867892,0.753244,0
0.212222,0.0350666,0.00190777,-0.867917,0.753288,0
0.204444,0.0373048,0.00215426,-0.873547,0.763092,0
0.204444,0.0390695,0.00238695,-0.873578,0.763146,0
0.22,0.0315974,0.00154943,-0.862132,0.74328,0
0.22,0.0315006,0.001563,-0.862191,0.743381,0
0.212222,0.0344119,0.00185376,-0.86787,0.753206,0
0.22,0.0323466,0.00163603,-0.862121,0.743261,0
0.22,0.0331465,0.00172178,-0.862247,0.743479,0
0.22,0.0316574,0.00157306,-0.862119,0.743258,0
0.22,0.0311906,0.00153639,-0.862146,0.743305,0
0.22,0.0314371,0.00153739,-0.862184,0.743369,0
0.212222,0.0346907,0.00188663,-0.867843,0.75316,0
0.212222,0.0355108,0.0019678,-0.867883,0.75323,0
0.227778,0.0292347,0.00133864,-0.856458,0.73353,0
0.227778,0.0286757,0.00128896,-0.85646,0.733533,0
0.22,0.0311451,0.0015173,-0.862137,0.743289,0
0.227778,0.0296204,0.00138118,-0.856485,0.733577,0
0.227778,0.0296575,0.00137762,-0.856448,0.733513,0
0.227778,0.0291936,0.00134777,-0.856434,0.733488,0
0.227778,0.0291595,0.00132931,-0.856392,0.733416,0
0.227778,0.0294386,0.00135897,-0.856385,0.733403,0
0.22,0.0313724,0.00152164,-0.862193,0.743385,0
0.22,0.0328158,0.00169083,-0.86215,0.743311,0
0.235556,0.0277745,0.00121031,-0.850725,0.723743,0
0.235556,0.0286984,0.00127693,-0.850827,0.723917,0
0.227778,0.0298018,0.00139115,-0.85652,0.733635,0
0.235556,0.027371,0.00117663,-0.850787,0.723848,0
0.235556,0.027692,0.00120048,-0.850766,0.723812,0
0.235556,0.0278545,0.00121606,-0.850802,0.723874,0
0.235556,0.027709,0.00120844,-0.850735,0.72376,0
0.235556,0.0282211,0.00125049,-0.85073,0.723751,0
0.227778,0.02917,0.00133356,-0.856447,0.73351,0
0.227778,0.0301789,0.00143274,-0.856476,0.733561,0
0.243333,0.0263959,0.00109227,-0.845205,0.714382,0
0.243333,0.0258947,0.00105615,-0.845119,0.714237,0
0.235556,0.0277583,0.0012081,-0.850832,0.723926,0
0.243333,0.0261854,0.00107862,-0.845187,0.714351,0
0.243333,0.0262175,0.00107405,-0.845107,0.714217,0
0.243333,0.0268633,0.00113538,-0.84519,0.714356,0
0.243333,0.0264033,0.00109398,-0.845141,0.714273,0
0.243333,0.0258385,0.00105815,-0.845148,0.714286,0
0.235556,0.0282146,0.001249,-0.850823,0.72391,0
0.235556,0.027947,0.00122856,-0.850832,0.723924,0
0.251111,0.0246324,0.000951836,-0.8395,0.704771,0
0.251111,0.0244924,0.000936948,-0.839449,0.704685,0
0.243333,0.0267348,0.00111697,-0.845154,0.714295,0
0.251111,0.0243367,0.000929478,-0.839494,0.704761,0
0.251111,0.0242975,0.00092912,-0.83945,0.704688,0
0.251111,0.0247951,0.00097661,-0.839501,0.704773,0
0.251111,0.0248724,0.000978189,-0.839472,0.704724,0
0.251111,0.0246135,0.000947173,-0.839443,0.704675,0
0.243333,0.0258916,0.00106041,-0.845123,0.714244,0
0.243333,0.0265363,0.00110541,-0.845136,0.714266,0
0.258889,0.0234672,0.000863932,-0.833846,0.695311,0
0.258889,0.0238302,0.000892681,-0.833865,0.695343,0
0.251111,0.0248373,0.000967477,-0.839429,0.704652,0
0.258889,0.0234239,0.00085782,-0.83388,0.695367,0
0.258889,0.0233822,0.000854725,-0.833788,0.695214,0
0.258889,0.0240872,0.000910384,-0.833881,0.695369,0
0.258889,0.0233677,0.000858969,-0.833811,0.695253,0
0.258889,0.0237226,0.000885943,-0.833842,0.695305,0
0.251111,0.0247651,0.00096332,-0.839457,0.704699,0
0.251111,0.0242346,0.000922227,-0.839507,0.704783,0
0.266667,0.0228105,0.000810213,-0.828209,0.685942,0
0.266667,0.0229393,0.000823638,-0.828233,0.685983,0
0.258889,0.0238729,0.000888493,-0.833846,0.695311,0
0.266667,0.0224798,0.000792196,-0.828161,0.685863,0
0.266667,0.0228415,0.000811242,-0.828184,0.685901,0
0.266667,0.0227677,0.000812232,-0.82832,0.686127,0
0.266667,0.0225895,0.000797384,-0.828196,0.685921,0
0.258889,0.0239087,0.000901838,-0.833813,0.695256,0
0.266667,0.0226119,0.000806325,-0.82818,0.685894,0
0.258889,0.0234612,0.000867405,-0.833826,0.695278,0
0.274444,0.0219615,0.000754622,-0.822623,0.676723,0
0.274444,0.0220434,0.000761992,-0.822639,0.676747,0
0.266667,0.0223688,0.000783643,-0.82821,0.685944,0
0.274444,0.0224753,0.000790547,-0.822682,0.676819,0
0.274444,0.0217022,0.000744219,-0.822614,0.676707,0
0.01,0.941688,0.886784,-0.99517,0.990363,0
0.01,0.941461,0.886356,-0.995169,0.990361,0
0.01,0.941248,0.885956,-0.995168,0.99036,0
0.01,0.941573,0.886569,-0.995168,0.99036,0
0.01,0.941393,0.886229,-0.995168,0.990359,0
0.01,0.941551,0.886527,-0.995166,0.990356,0
0.01,0.941425,0.88629,-0.995168,0.990359,0
0.01,0.941465,0.886365,-0.995167,0.990358,0
0.0177778,0.91218,0.83209,-0.991431,0.982936,0
0.0177778,0.912375,0.832445,-0.991435,0.982944,0
0.0177778,0.912053,0.831858,-0.991431,0.982936,0
0.0177778,0.912215,0.832152,-0.991434,0.982942,0
0.0177778,0.912345,0.83239,-0.991434,0.982941,0
0.0177778,0.912375,0.832446,-0.991432,0.982938,0
0.0177778,0.912268,0.832248,-0.991433,0.982939,0
0.0177778,0.912434,0.832553,-0.991434,0.982942,0
0.0255556,0.886303,0.785557,-0.987693,0.975538,0
0.0255556,0.886648,0.786169,-0.987694,0.97554,0
0.0255556,0.886647,0.786168,-0.987695,0.975542,0
0.0255556,0.886531,0.785961,-0.987694,0.97554,0
0.0255556,0.886332,0.785608,-0.987692,0.975536,0
0.0255556,0.886562,0.786017,-0.987694,0.97554,0
0.0255556,0.886353,0.785645,-0.987691,0.975534,0
0.0255556,0.886513,0.785929,-0.987688,0.975528,0
0.0333333,0.86272,0.744321,-0.983937,0.968132,0
0.0333333,0.862548,0.744021,-0.98394,0.968138,0
0.0333333,0.862764,0.744394,-0.983942,0.968142,0
0.0333333,0.863083,0.744944,-0.983948,0.968155,0
0.0333333,0.862652,0.744203,-0.983937,0.968133,0
0.0333333,0.862859,0.744559,-0.983943,0.968145,0
0.0333333,0.86272,0.744321,-0.983938,0.968135,0
0.0333333,0.862801,0.744459,-0.983938,0.968134,0
0.0411111,0.84012,0.705848,-0.980173,0.96074,0
0.0411111,0.840491,0.706469,-0.98018,0.960753,0
0.0411111,0.840522,0.70652,-0.980177,0.960747,0
0.0411111,0.840201,0.705983,-0.980166,0.960725,0
0.0411111,0.84063,0.706702,-0.98018,0.960753,0
0.0411111,0.840127,0.705859,-0.980171,0.960735,0
0.0411111,0.840521,0.706518,-0.980183,0.960759,0
0.0411111,0.840373,0.70627,-0.98018,0.960753,0
0.0488889,0.819052,0.670901,-0.976392,0.953341,0
0.0488889,0.818864,0.670593,-0.976399,0.953355,0
0.0488889,0.81875,0.670404,-0.976391,0.95334,0
0.0488889,0.819193,0.671131,-0.976397,0.953352,0
0.0488889,0.819098,0.670975,-0.976395,0.953348,0
0.0488889,0.818937,0.670712,-0.976395,0.953348,0
0.0488889,0.819034,0.670869,-0.976395,0.953348,0
0.0488889,0.819243,0.671211,-0.976408,0.953373,0
0.0566667,0.798504,0.637674,-0.972598,0.945946,0
0.0566667,0.798385,0.637481,-0.972593,0.945938,0
0.0566667,0.79856,0.637762,-0.972592,0.945936,0
0.0566667,0.798463,0.637607,-0.972593,0.945937,0
0.0566667,0.798473,0.637621,-0.972598,0.945948,0
0.0566667,0.798484,0.63764,-0.972594,0.945939,0
0.0566667,0.798211,0.637207,-0.972593,0.945938,0
0.0566667,0.79837,0.637456,-0.972597,0.945945,0
0.0644444,0.778461,0.606076,-0.968762,0.9385,0
0.0644444,0.778575,0.606252,-0.968769,0.938514,0
0.0644444,0.778433,0.606033,-0.968766,0.938507,0
0.0644444,0.778333,0.605878,-0.968761,0.938499,0
0.0644444,0.778349,0.605902,-0.968769,0.938513,0
0.0644444,0.778672,0.606402,-0.968774,0.938524,0
0.0644444,0.77881,0.60662,-0.968789,0.938553,0
0.0644444,0.778534,0.606189,-0.968774,0.938524,0
0.0722222,0.759201,0.576474,-0.964928,0.931086,0
0.0722222,0.7589,0.576015,-0.964924,0.931079,0
0.0722222,0.759029,0.576215,-0.964925,0.931081,0
0.0722222,0.759181,0.57644,-0.964918,0.931067,0
0.0722222,0.758955,0.576098,-0.964926,0.931083,0
0.0722222,0.759041,0.576228,-0.964924,0.93108,0
0.0722222,0.759419,0.5768,-0.964933,0.931096,0
0.0722222,0.759178,0.576434,-0.964925,0.931081,0
0.08,0.739771,0.547358,-0.961045,0.923609,0
0.08,0.740004,0.547704,-0.96105,0.923617,0
0.08,0.740066,0.547796,-0.961056,0.92363,0
0.08,0.740011,0.547712,-0.961051,0.92362,0
0.08,0.739563,0.547056,-0.961044,0.923606,0
0.08,0.739907,0.547562,-0.961056,0.92363,0
0.08,0.740018,0.547725,-0.961058,0.923633,0
0.08,0.739962,0.547641,-0.961052,0.923621,0
0.0877778,0.721262,0.520329,-0.95715,0.916137,0
0.0877778,0.720918,0.519836,-0.95714,0.916117,0
0.0877778,0.721016,0.519975,-0.957134,0.916107,0
0.0877778,0.720948,0.519879,-0.957146,0.91613,0
0.0877778,0.721148,0.520166,-0.95714,0.916119,0
0.0877778,0.721147,0.520165,-0.957156,0.916149,0
0.0877778,0.720946,0.519875,-0.957139,0.916116,0
0.0877778,0.721149,0.520169,-0.957147,0.916131,0
0.0955556,0.70233,0.493395,-0.953206,0.908602,0
0.0955556,0.702479,0.493607,-0.953217,0.908625,0
0.0955556,0.702569,0.493728,-0.953223,0.908634,0
0.0955556,0.702645,0.493834,-0.953212,0.908613,0
0.0955556,0.702472,0.493594,-0.953217,0.908624,0
0.0955556,0.702588,0.493753,-0.953215,0.90862,0
0.0955556,0.702761,0.493995,-0.953219,0.908627,0
0.0955556,0.702648,0.493839,-0.953214,0.908618,0
0.103333,0.68406,0.468079,-0.94923,0.901039,0
0.103333,0.684094,0.468125,-0.949241,0.90106,0
0.103333,0.684147,0.468198,-0.949248,0.901073,0
0.103333,0.684536,0.468729,-0.949263,0.901101,0
0.103333,0.684569,0.468776,-0.94927,0.901116,0
0.103333,0.684141,0.468187,-0.949251,0.901079,0
0.103333,0.684233,0.468313,-0.949252,0.901081,0
0.103333,0.684163,0.468217,-0.949256,0.901088,0
0.111111,0.665414,0.442933,-0.945239,0.893478,0
0.111111,0.665833,0.443491,-0.945248,0.893496,0
0.111111,0.665857,0.443526,-0.945242,0.893484,0
0.111111,0.665548,0.443113,-0.945249,0.893497,0
0.111111,0.66608,0.443819,-0.945263,0.893524,0
0.111111,0.665829,0.443487,-0.945265,0.893528,0
0.111111,0.665791,0.443432,-0.945256,0.89351,0
0.111111,0.665937,0.443626,-0.945236,0.893473,0
0.118889,0.647832,0.41986,-0.94121,0.885877,0
0.118889,0.647525,0.419465,-0.941179,0.885819,0
0.118889,0.646744,0.418454,-0.941164,0.885791,0
0.118889,0.647757,0.419763,-0.941218,0.885893,0
0.118889,0.646861,0.418608,-0.941145,0.885755,0
0.118889,0.647177,0.419018,-0.941165,0.885794,0
0.118889,0.647512,0.419444,-0.941195,0.88585,0
0.118889,0.647629,0.419601,-0.941199,0.885857,0
0.126667,0.628347,0.395019,-0.937078,0.878116,0
0.126667,0.626776,0.393065,-0.936953,0.877883,0
0.126667,0.627542,0.394015,-0.937021,0.87801,0
0.126667,0.628509,0.395217,-0.937074,0.878111,0
0.126667,0.628686,0.395444,-0.937057,0.878078,0
0.126667,0.627922,0.394484,-0.937033,0.878033,0
0.126667,0.628863,0.395671,-0.937099,0.878157,0
0.126667,0.629174,0.396054,-0.937108,0.878174,0
0.134444,0.605843,0.367296,-0.932609,0.869761,0
0.134444,0.608661,0.370696,-0.932831,0.870176,0
0.134444,0.607089,0.3688,-0.932721,0.869971,0
0.134444,0.608252,0.370208,-0.932794,0.870107,0
0.134444,0.606999,0.3687,-0.932701,0.869934,0
0.134444,0.606423,0.367983,-0.932681,0.869896,0
0.134444,0.608368,0.370337,-0.932807,0.870132,0
0.134444,0.607062,0.368781,-0.932706,0.869943,0
0.142222,0.584975,0.3425,-0.92826,0.86167,0
0.142222,0.582313,0.339465,-0.928065,0.861308,0
0.142222,0.582083,0.339151,-0.928063,0.861304,0
0.142222,0.581707,0.338774,-0.928041,0.861264,0
0.142222,0.585338,0.342931,-0.928281,0.861709,0
0.142222,0.585001,0.342532,-0.928238,0.861628,0
0.142222,0.586009,0.343693,-0.92833,0.861799,0
0.142222,0.583686,0.340996,-0.928151,0.861467,0
0.15,0.55849,0.312404,-0.923483,0.852824,0
0.15,0.555286,0.308875,-0.923231,0.852359,0
0.15,0.547298,0.300185,-0.922768,0.851505,0
0.15,0.558004,0.311762,-0.923427,0.852722,0
0.15,0.556261,0.309868,-0.923297,0.85248,0
0.15,0.55489,0.308339,-0.923184,0.852272,0
0.15,0.558151,0.311935,-0.923417,0.852702,0
0.15,0.558486,0.312319,-0.92343,0.852727,0
0.157778,0.500966,0.25225,-0.916921,0.84075,0
0.157778,0.505027,0.256897,-0.91723,0.841317,0
0.157778,0.497174,0.249397,-0.91681,0.840546,0
0.157778,0.493094,0.245751,-0.916718,0.840379,0
0.157778,0.516937,0.26798,-0.917728,0.842229,0
0.157778,0.489209,0.241052,-0.916403,0.8398,0
0.157778,0.509303,0.260664,-0.917381,0.841594,0
0.157778,0.491776,0.244709,-0.916784,0.840499,0
0.165556,0.328297,0.124328,-0.907585,0.823724,0
0.165556,0.268138,0.0826255,-0.906216,0.821235,0
0.165556,0.309123,0.119814,-0.907422,0.82343,0
0.165556,0.296647,0.10501,-0.906892,0.822464,0
0.165556,0.307853,0.106033,-0.907173,0.822972,0
0.165556,0.247086,0.080797,-0.905751,0.820396,0
0.165556,0.298417,0.104055,-0.906816,0.822325,0
0.165556,0.263469,0.0874816,-0.906116,0.821057,0
0.173333,0.0955647,0.0136829,-0.897384,0.805305,0
0.173333,0.102234,0.0166031,-0.89742,0.805369,0
0.173333,0.0818546,0.0104189,-0.897319,0.805188,0
0.173333,0.104155,0.0163296,-0.897769,0.805995,0
0.173333,0.0950103,0.0152259,-0.89752,0.805549,0
0.173333,0.107989,0.0168313,-0.897413,0.805356,0
0.173333,0.0893293,0.0129242,-0.897261,0.805083,0
0.173333,0.0956558,0.0144999,-0.897407,0.805347,0
0.181111,0.0674367,0.00697593,-0.891226,0.794289,0
0.181111,0.0645662,0.00628397,-0.891166,0.794183,0
0.181111,0.065089,0.00630349,-0.891052,0.793979,0
0.181111,0.0599172,0.00562217,-0.891083,0.794035,0
0.181111,0.0650109,0.00655515,-0.891128,0.794116,0
0.181111,0.0556808,0.00481981,-0.891068,0.794008,0
0.181111,0.0600328,0.00569341,-0.891152,0.794157,0
0.181111,0.0646899,0.00648098,-0.89115,0.794155,0
0.188889,0.0486158,0.00370712,-0.885182,0.783554,0
0.188889,0.0514526,0.00426092,-0.885124,0.783452,0
0.188889,0.0535358,0.00445516,-0.885251,0.783676,0
0.188889,0.0483284,0.00359985,-0.885178,0.783547,0
0.188889,0.0524741,0.00428123,-0.885198,0.783583,0
0.188889,0.0497926,0.00384301,-0.885141,0.783481,0
0.188889,0.050177,0.00398253,-0.885227,0.783633,0
0.188889,0.0513411,0.00406801,-0.885226,0.783632,0
0.196667,0.0442766,0.00297646,-0.879387,0.773329,0
0.196667,0.0440498,0.00301869,-0.879331,0.77323,0
0.196667,0.0419431,0.00273225,-0.879327,0.773223,0
0.196667,0.0428263,0.00281463,-0.879253,0.773092,0
0.196667,0.0439256,0.00301879,-0.879361,0.773283,0
0.196667,0.0428344,0.00287941,-0.879279,0.773139,0
0.196667,0.0422847,0.00283138,-0.879394,0.77334,0
0.196667,0.043297,0.00293098,-0.879459,0.773455,0
0.204444,0.0389319,0.00236228,-0.873557,0.763109,0
0.204444,0.036468,0.00212078,-0.873599,0.763183,0
0.204444,0.0377923,0.00224786,-0.873668,0.763303,0
0.204444,0.0410934,0.00264019,-0.873675,0.763315,0
0.204444,0.0373939,0.00219572,-0.873559,0.763114,0
0.204444,0.0378965,0.00229321,-0.873571,0.763134,0
0.204444,0.03831,0.00233101,-0.873579,0.763147,0
0.204444,0.0388899,0.00235056,-0.873558,0.763112,0
0.212222,0.0368824,0.00211876,-0.867935,0.753319,0
0.212222,0.0341113,0.00181326,-0.867863,0.753195,0
0.212222,0.0343121,0.00186263,-0.867892,0.753245,0
0.212222,0.0331873,0.00173544,-0.867833,0.753143,0
0.212222,0.0356781,0.00197529,-0.867855,0.753181,0
0.212222,0.0343961,0.00186357,-0.867876,0.753216,0
0.212222,0.0333244,0.00176581,-0.867873,0.753211,0
0.212222,0.0338661,0.00181382,-0.867885,0.753232,0
0.22,0.0316463,0.0015643,-0.862128,0.743274,0
0.22,0.0326061,0.00169392,-0.862145,0.743302,0
0.22,0.0317596,0.00157727,-0.862177,0.743358,0
0.22,0.0322462,0.00162674,-0.862129,0.743275,0
0.22,0.0314145,0.00155528,-0.862163,0.743334,0
0.22,0.0317401,0.00157209,-0.862138,0.743291,0
0.22,0.031446,0.00157101,-0.862153,0.743316,0
0.22,0.0314154,0.00153878,-0.862132,0.743281,0
0.227778,0.0299856,0.00141597,-0.856545,0.733678,0
0.227778,0.029356,0.00135136,-0.856444,0.733506,0
0.227778,0.0302237,0.0014442,-0.856481,0.73357,0
0.227778,0.0299154,0.0013877,-0.856459,0.733532,0
0.227778,0.0303508,0.00144953,-0.856423,0.733469,0
0.227778,0.0298746,0.00139182,-0.85649,0.733584,0
0.227778,0.0302422,0.00142239,-0.856486,0.733578,0
0.227778,0.0296518,0.0013651,-0.856457,0.733528,0
0.235556,0.0278554,0.00121175,-0.850798,0.723867,0
0.235556,0.0277906,0.00121682,-0.850806,0.723881,0
0.235556,0.0271376,0.00115189,-0.850775,0.723828,0
0.235556,0.0279626,0.00123124,-0.850853,0.723961,0
0.235556,0.0280684,0.00123578,-0.850753,0.72379,0
0.235556,0.0283351,0.00125115,-0.850744,0.723774,0
0.235556,0.0272522,0.00117351,-0.850761,0.723805,0
0.235556,0.0278898,0.00122216,-0.850799,0.723869,0
0.243333,0.026202,0.00107975,-0.845166,0.714316,0
0.243333,0.0263909,0.00109477,-0.845155,0.714298,0
0.243333,0.0261576,0.00108024,-0.845097,0.714199,0
0.243333,0.0265035,0.00109758,-0.845141,0.714274,0
0.243333,0.0260062,0.00105404,-0.845088,0.714185,0
0.243333,0.0266697,0.00110397,-0.845054,0.714127,0
0.243333,0.0264906,0.00110901,-0.845147,0.714283,0
0.243333,0.0261594,0.00106806,-0.845108,0.714218,0
0.251111,0.0248668,0.000967614,-0.839489,0.704753,0
0.251111,0.0250522,0.000990628,-0.839527,0.704817,0
0.251111,0.0248117,0.000959055,-0.839487,0.704749,0
0.251111,0.0252148,0.000991538,-0.839498,0.704768,0
0.251111,0.0251013,0.000986584,-0.83954,0.704839,0
0.251111,0.024676,0.000958888,-0.83946,0.704704,0
0.251111,0.0247321,0.0009633,-0.839497,0.704766,0
0.251111,0.0247826,0.000967895,-0.839465,0.704713,0
0.258889,0.0241014,0.000911657,-0.833808,0.695247,0
0.258889,0.0237339,0.000883781,-0.833826,0.695278,0
0.258889,0.0239689,0.000899725,-0.833856,0.695328,0
0.258889,0.0234556,0.000862323,-0.833874,0.695357,0
0.258889,0.0238103,0.000891358,-0.833815,0.69526,0
0.258889,0.0234282,0.000859442,-0.83382,0.695268,0
0.258889,0.0236643,0.000877497,-0.833837,0.695295,0
0.258889,0.0240053,0.000911893,-0.833838,0.695298,0
0.266667,0.0228201,0.000823889,-0.828268,0.686041,0
0.266667,0.0223487,0.000785006,-0.828186,0.685905,0
0.266667,0.0227922,0.000815983,-0.828221,0.685963,0
0.266667,0.0231452,0.000841655,-0.828175,0.685886,0
0.266667,0.0227105,0.00080864,-0.828263,0.686033,0
0.266667,0.0230852,0.00083458,-0.82823,0.685977,0
0.266667,0.0229394,0.000823784,-0.828224,0.685967,0
0.266667,0.0226361,0.000811985,-0.828213,0.68595,0
0.274444,0.0217667,0.00073974,-0.822689,0.676831,0
0.274444,0.0217812,0.000747742,-0.822611,0.676702,0
0.274444,0.0218796,0.0007502,-0.822621,0.676719,0
0.274444,0.0217497,0.000744925,-0.822621,0.676719,0
0.274444,0.0216362,0.000734777,-0.822628,0.67673,0
0.274444,0.0216099,0.000734149,-0.822586,0.67666,0
0.274444,0.0216767,0.000740985,-0.822642,0.676753,0
0.274444,0.0218858,0.00075188,-0.822629,0.676732,0
0.282222,0.0207265,0.000672623,-0.816985,0.667478,0
0.282222,0.0210422,0.000694103,-0.817019,0.667534,0
0.282222,0.0210132,0.000691122,-0.816993,0.667491,0
0.282222,0.0211151,0.000700917,-0.817013,0.667525,0
0.282222,0.0212379,0.000711575,-0.817034,0.667558,0
0.282222,0.0208579,0.000683133,-0.817015,0.667527,0
0.282222,0.0205658,0.000664573,-0.817036,0.667562,0
0.282222,0.0208885,0.000688411,-0.817012,0.667522,0
0.29,0.0203037,0.000648902,-0.811482,0.658518,0
0.29,0.0201563,0.000635422,-0.811416,0.658411,0
0.29,0.0200175,0.000632372,-0.81141,0.658402,0
0.29,0.02075,0.000671922,-0.81147,0.658498,0
0.29,0.0201916,0.000640074,-0.811396,0.658379,0
0.29,0.0202693,0.000645202,-0.811402,0.658388,0
0.29,0.0205184,0.000658825,-0.811393,0.658373,0
0.29,0.020257,0.000641474,-0.811384,0.658358,0
0.297778,0.0197766,0.000612957,-0.805867,0.649437,0
0.297778,0.019757,0.000615573,-0.805859,0.649425,0
0.297778,0.0194546,0.000592458,-0.805854,0.649416,0
0.297778,0.0197185,0.000612012,-0.805906,0.649499,0
0.297778,0.0197098,0.00060976,-0.805837,0.649388,0
0.297778,0.0196234,0.000607584,-0.805877,0.649453,0
0.297778,0.0197687,0.000614831,-0.805895,0.649483,0
0.297778,0.0196947,0.000609936,-0.805863,0.649431,0
